15
0.0040907827
0.0069715721
0.0039000644
0.0010195202
0.0053531379
0.0086600296
0.0069114398
0.0074192556
0.0078109344
0.0016292006
0.0082087573
0.0064380113
0.0075321547
0.0014216548
0.0026394776
0.0024309875
0.0092306454
0.0025117067
0.0017247129
0.0049746851
0.0052391347
0.0033862223
0.0013731945
0.0028530755
0.0017518816
0.0021922933
0.0001387451
0.0059670098
0.0005483477
0.0084799509
0.0068961810
0.0046391301
0.0060949246
0.0014396472
0.0056586508
0.0020914641
0.0007430789
0.0032134922
0.0001541218
0.0085540134
0.0048426930
0.0083628790
0.0056354264
0.0030182500
0.0004279354
0.0082749045
0.0054492373
0.0003019827
0.0014300128
0.0071739503
0.0052766679
0.0066691474
0.0012035740
0.0066498625
0.0001656248
0.0029554556
0.0088421553
0.0003043698
0.0089224651
0.0000339050
0.0087843202
0.0064620478
0.0046730353
0.0055226469
0.0079016956
0.0009750875
0.0076141111
0.0086447746
0.0041885800
0.0077682328
0.0078421896
0.0090312734
0.0067745131
0.0041210181
0.0026929246
0.0072024488
0.0030393244
0.0081421621
0.0075044311
0.0044693369
0.0059595131
0.0034245010
0.0017818863
0.0071630874
0.0007177650
0.0019475111
0.0007619446
0.0002033224
0.0022518809
0.0003278117
0.0002372275
0.0016796032
0.0067898598
0.0049102623
0.0072022500
0.0053349570
0.0058853501
0.0054597626
0.0046231332
0.0007173318
0.0038713971
0.0031087247
0.0003920066
0.0012893121
0.0072297426
0.0030849308
0.0084917611
0.0009124689
0.0018704943
0.0066395942
0.0053818063
0.0078300079
0.0007074967
0.0071636923
0.0056364969
0.0014252617
0.0091112033
0.0063984408
0.0016285841
0.0020064861
0.0067262528
0.0018658115
0.0036860895
0.0041595148
0.0067760744
0.0015317412
0.0001378733
0.0033048263
0.0069915042
0.0047610067
0.0040221582
0.0015063027
0.0078697307
0.0044141649
0.0027956148
0.0057428759
0.0074990955
0.0019307774
0.0066553447
0.0000129917
0.0085703712
0.0026805522
0.0078429990
0.0092778681
0.0004876465
0.0041228975
0.0013465312
0.0002422517
0.0011647408
0.0029751153
0.0022487380
0.0078909937
0.0048409267
0.0059348270
0.0026939099
0.0022604030
0.0074665686
0.0028317834
0.0055652293
0.0051014745
0.0075927898
0.0002307892
0.0066077770
0.0061059226
0.0046449536
0.0000467936
0.0024921999
0.0027874513
0.0019775711
0.0091475444
0.0028004427
0.0011913439
0.0024714989
0.0012868439
0.0011126135
0.0029591452
0.0054097418
0.0024591447
0.0032013969
0.0065744827
0.0054342602
0.0054501346
0.0051088780
0.0009185890
0.0020283638
0.0078027877
0.0031789921
0.0001383342
0.0012779729
0.0087442212
0.0052398085
0.0088707628
0.0089750104
0.0024909873
0.0056200870
0.0042633661
0.0025377807
0.0081122871
0.0070508174
0.0045153517
0.0079032332
0.0004946620
0.0057066958
0.0010181336
0.0017815060
0.0068193092
0.0039772787
0.0071912478
0.0092784539
0.0071786754
0.0044091316
0.0053561158
0.0032722121
0.0001614110
0.0062747048
0.0053005759
0.0079641985
0.0000970989
0.0054389103
0.0092421714
0.0088413199
0.0013221205
0.0087563358
0.0084597329
0.0038131080
