40
0.0010182759
0.0006474005
0.0009278734
0.0001943666
0.0005123146
0.0010435842
0.0009287665
0.0001772011
0.0002737313
0.0008124796
0.0003063563
0.0001256856
0.0005915309
0.0006433395
0.0006988905
0.0007754823
0.0010879494
0.0009901022
0.0008920420
0.0011900299
0.0001293791
0.0001664862
0.0012465704
0.0011959653
0.0008116357
0.0000741989
0.0000937514
0.0004694055
0.0005001594
0.0006468886
0.0009676911
0.0002698364
0.0000456901
0.0006469656
0.0004642030
0.0005580047
0.0004419509
0.0001443705
0.0007352059
0.0007156822
0.0009568502
0.0010415622
0.0008413678
0.0002997821
0.0004363028
0.0002916593
0.0010752644
0.0002756532
0.0000331626
0.0007187076
0.0002170842
0.0001625417
0.0008851938
0.0002150557
0.0001099082
0.0004482306
0.0002892545
0.0002036596
0.0009176361
0.0007894139
0.0008505482
0.0006367284
0.0010592503
0.0008962383
0.0000350950
0.0002748544
0.0002056441
0.0004770459
0.0004192250
0.0009408499
0.0011927281
0.0001274762
0.0007338132
0.0007854969
0.0004272584
0.0011701160
0.0010771562
0.0002539239
0.0001971703
0.0011103188
0.0009726315
0.0004142546
0.0000242617
0.0006092264
0.0006293102
0.0001341699
0.0010574569
0.0009185647
0.0003378295
0.0007264942
0.0004593797
0.0011883776
0.0001146237
0.0002700312
0.0008360170
0.0001497187
0.0005448856
0.0010416611
0.0006267646
0.0009641106
0.0007339122
0.0005708937
0.0010915869
0.0002191265
0.0001077917
0.0002702463
0.0001406436
0.0011849480
0.0005241702
0.0003378140
0.0010466679
0.0002482028
0.0007520685
0.0010709296
0.0008574292
0.0001327798
0.0012050994
0.0006662873
0.0010513446
0.0002943301
0.0001441825
0.0002621254
0.0002341088
0.0002588062
0.0005321566
0.0010701258
0.0004085249
0.0010770422
0.0008631881
0.0010352895
0.0007925539
0.0003485014
0.0003575843
0.0006355419
0.0005676279
0.0004653760
0.0009057882
0.0007082715
0.0004017251
0.0001813595
0.0010460854
0.0001997941
0.0004295624
0.0005495550
0.0000221247
0.0000383926
0.0006823349
0.0012272241
0.0007046799
0.0004850804
0.0002729553
0.0008488624
0.0007472058
0.0005070641
0.0011076687
0.0000307635
0.0003285911
0.0002675946
0.0011078056
0.0011917792
0.0000542852
0.0006517607
0.0002916817
0.0004118695
0.0000387036
0.0008593096
0.0008772455
0.0009444918
0.0003189822
0.0000303717
0.0011258513
0.0001164687
0.0002301657
0.0003068148
0.0006660238
0.0002522904
0.0003452074
0.0000997597
0.0002309157
0.0010498874
0.0005848401
0.0005038709
0.0006501509
0.0000834470
0.0010109351
0.0005092206
0.0001142105
0.0000909273
0.0007768152
0.0012220162
0.0000341076
0.0008311005
0.0006251779
0.0003257892
0.0012429700
0.0006638815
0.0011850988
0.0008716166
0.0003597745
0.0002554821
0.0009019882
0.0002370269
0.0003719509
0.0011321540
0.0005438417
0.0010379746
0.0001358455
0.0008890492
0.0011377343
0.0003667612
0.0006903376
0.0004739755
0.0008706322
0.0000918895
0.0005574225
0.0006329683
0.0006011102
0.0006716330
0.0007238956
0.0001293265
0.0006450503
0.0007580032
0.0009604269
0.0000216292
0.0010837924
0.0009547980
0.0006855107
0.0010202924
0.0005778156
0.0010452853
0.0000271756
0.0002312050
0.0000337132
0.0003991265
0.0001147600
0.0005775549
0.0001885023
0.0002506055
0.0002180052
0.0000776377
0.0006173667
0.0009083428
0.0005516132
0.0002393999
0.0010002323
0.0011090358
0.0008723683
0.0003527435
0.0005320698
0.0003476650
0.0004820700
0.0011771201
0.0011056683
0.0001938980
0.0011987493
0.0009408618
0.0011486959
0.0006356612
0.0007125552
0.0004779127
0.0004323475
0.0007397309
0.0007091177
0.0004660607
0.0011388573
0.0008238777
0.0010436156
0.0000787607
0.0010744833
0.0000130219
0.0001563984
0.0004432510
0.0009213647
0.0007080117
0.0006826510
0.0006729981
0.0005684485
0.0003064203
0.0010257417
0.0011005184
0.0006540854
0.0002592127
0.0010290395
0.0005111546
0.0004531108
0.0009791899
0.0002034174
0.0003532079
0.0003662522
0.0009159726
0.0008311206
0.0007985997
0.0004071046
0.0002916394
0.0000160615
0.0002973630
0.0011155172
0.0010596772
0.0003761238
0.0009414015
0.0010726991
0.0005325222
0.0001360537
0.0007454648
0.0012405339
0.0008187046
0.0001698640
0.0005603834
0.0011251250
0.0011956056
0.0004123028
0.0005306114
0.0002062195
0.0001927434
0.0010417660
0.0006593302
0.0011719333
0.0012451834
0.0010125382
0.0002895866
0.0009125572
0.0005950599
0.0010881863
0.0000710628
0.0008866993
0.0011042478
0.0003684259
0.0007536177
0.0009153260
0.0007445497
0.0004464203
0.0007394261
0.0000284729
0.0005824739
0.0002362920
0.0000204078
0.0001525797
0.0004061561
0.0005807913
0.0000291058
0.0003531628
0.0009930941
0.0005597172
0.0005593823
0.0011858374
0.0003528843
0.0012187125
0.0011091719
0.0003494688
0.0009826518
0.0001501596
0.0000134270
0.0003291128
0.0012383459
0.0000844898
0.0012158121
0.0010939946
0.0004529157
0.0007208308
0.0007607217
0.0011974652
0.0011672510
0.0002515489
0.0012259382
0.0005011261
0.0004878410
0.0012463460
0.0006537058
0.0008939970
0.0005785384
0.0006828115
0.0012471598
0.0003230336
0.0012425288
0.0005579432
0.0002602722
0.0003468141
0.0005280568
0.0001208452
0.0006962828
0.0002621097
0.0002710047
0.0007097099
0.0005912225
0.0002607516
0.0007941998
0.0005584357
0.0001061474
0.0012471153
0.0000306676
0.0008668691
0.0011959819
0.0011979187
0.0011184181
0.0011733212
0.0004504458
0.0003576601
0.0011710683
0.0011041516
0.0000030582
0.0005010078
0.0005383642
0.0000016191
0.0008240414
0.0005322941
0.0005595624
0.0010843136
0.0008791082
0.0010876192
0.0012051587
0.0003267922
0.0001011300
0.0002275646
0.0010365021
0.0006923525
0.0004883162
0.0005821029
0.0000021893
0.0005944635
0.0005806193
0.0000328568
0.0002127338
0.0005280023
0.0012307755
0.0000825529
0.0004527245
0.0004326224
0.0004402130
0.0003751939
0.0002881751
0.0004432712
0.0008762017
0.0008265393
0.0004448903
0.0004516441
0.0001102345
0.0010044527
0.0002873587
0.0009893427
0.0008434730
0.0002439185
0.0000675359
0.0009446029
0.0004714831
0.0011040380
0.0003883565
0.0009597993
0.0004375419
0.0003905458
0.0003056639
0.0010181613
0.0004234026
0.0005183977
0.0002975646
0.0004055792
0.0006009506
0.0007502891
0.0008382016
0.0010411636
0.0011254830
0.0011263766
0.0002358359
0.0007530857
0.0007043171
0.0006807263
0.0012047298
0.0008145515
0.0004365800
0.0002434896
0.0005552953
0.0000314541
0.0004874082
0.0006228312
0.0009760570
0.0009588913
0.0004782703
0.0001158146
0.0006700917
0.0009158123
0.0005063604
0.0009757556
0.0006853747
0.0009297630
0.0002455544
0.0009829393
0.0000867433
0.0008465050
0.0004846294
0.0009249448
0.0006390698
0.0003615134
0.0008027225
0.0008749057
0.0011145991
0.0002584406
0.0003070330
0.0010707300
0.0010729921
0.0007436131
0.0000656207
0.0003796885
0.0007750671
0.0005530289
0.0010025197
0.0005025252
0.0002633213
0.0002321912
0.0006183399
0.0009334129
0.0011480034
0.0011247002
0.0006605696
0.0005847791
0.0008058644
0.0009061241
0.0003191194
0.0008926077
0.0005040303
0.0008037488
0.0005689536
0.0011431000
0.0011652622
0.0001230772
0.0007694068
0.0010312625
0.0003815178
0.0010764399
0.0008533935
0.0002059110
0.0005714539
0.0009190142
0.0005855996
0.0000979222
0.0002234442
0.0003395204
0.0006004475
0.0004867654
0.0005717116
0.0012187873
0.0001715794
0.0004711160
0.0010948887
0.0008321491
0.0010558951
0.0006521541
0.0004896742
0.0001264156
0.0002961628
0.0009937045
0.0009301644
0.0008651164
0.0008882055
0.0008468277
0.0009881936
0.0004090134
0.0006294912
0.0001211125
0.0002368543
0.0002342857
0.0003270235
0.0008083083
0.0011532999
0.0009126230
0.0009062305
0.0001281452
0.0000035445
0.0002580790
0.0006149106
0.0005752561
0.0002282674
0.0007864900
0.0010463721
0.0000745571
0.0003700402
0.0008536683
0.0007267112
0.0008597143
0.0009800839
0.0010228740
0.0006048199
0.0006616494
0.0006393915
0.0002444266
0.0002598782
0.0003789862
0.0006534400
0.0008893693
0.0005000986
0.0008902943
0.0011236550
0.0008271221
0.0004500037
0.0010283561
0.0004911462
0.0001076352
0.0011565012
0.0004946907
0.0003657142
0.0005228129
0.0010699468
0.0005939815
0.0000607040
0.0008677200
0.0006685386
0.0004307442
0.0004727894
0.0001466509
0.0000418597
0.0002042744
0.0011695250
0.0006466797
0.0008659239
0.0005603175
0.0008911062
0.0011258019
0.0009393037
0.0002959473
0.0007665724
0.0001908035
0.0011862416
0.0006416285
0.0010179256
0.0003876464
0.0004213857
0.0002604729
0.0004952817
0.0003292881
0.0007551636
0.0008609958
0.0008521010
0.0005765115
0.0002063785
0.0009128051
0.0001956326
0.0008749171
0.0000949504
0.0006684220
0.0010215680
0.0001368101
0.0008726965
0.0009424940
0.0007834897
0.0004900214
0.0002542126
0.0004259970
0.0003672244
0.0011935163
0.0007219444
0.0011337969
0.0001357210
0.0006595872
0.0005268265
0.0011536465
0.0010472336
0.0009482123
0.0001655206
0.0002939163
0.0000289015
0.0009206843
0.0011549122
0.0008810025
0.0002485968
0.0001126917
0.0005452086
0.0004442294
0.0009876088
0.0006401590
0.0011126514
0.0007605779
0.0007769691
0.0007367489
0.0004544730
0.0003118599
0.0012267703
0.0007086856
0.0007378570
0.0003453959
0.0006536032
0.0002112024
0.0002305939
0.0007893241
0.0008707896
0.0007574204
0.0006943718
0.0006694242
0.0004570338
0.0008598924
0.0009633406
0.0004859353
0.0005319777
0.0008696538
0.0001183389
0.0007805745
0.0009823455
0.0006635475
0.0012248040
0.0007213555
0.0000551076
0.0010888565
0.0002333345
0.0008320768
0.0005770065
0.0006878075
0.0011439366
0.0005551779
0.0001478942
0.0006331946
0.0009005737
0.0008014974
0.0008443971
0.0011311676
0.0003422226
0.0004665877
0.0006399892
0.0010365944
0.0011360120
0.0010970229
0.0006478879
0.0008507537
0.0003343593
0.0011798656
0.0004718086
0.0004526982
0.0007118412
0.0002055553
0.0011162458
0.0006880462
0.0009269108
0.0011713533
0.0005283038
0.0011602453
0.0007548311
0.0011053103
0.0005994539
0.0006501688
0.0004118893
0.0007473481
0.0000347645
0.0000638642
0.0003002466
0.0008791616
0.0011950318
0.0006424692
0.0000971504
0.0005864221
0.0004304647
0.0012331625
0.0004348461
0.0010783526
0.0008353172
0.0007692054
0.0010096192
0.0000585269
0.0012219036
0.0004728615
0.0002640822
0.0010895503
0.0011609078
0.0011909929
0.0010123047
0.0004406127
0.0011026392
0.0005185370
0.0002973241
0.0004534942
0.0011687058
0.0007092134
0.0012008423
0.0012034703
0.0007730776
0.0002524900
0.0008340330
0.0007195105
0.0008949591
0.0009311835
0.0000573337
0.0000768249
0.0009157470
0.0004921798
0.0011551774
0.0005024652
0.0000127863
0.0009161977
0.0005609921
0.0012346900
0.0001404603
0.0008250743
0.0010756413
0.0000527692
0.0007674683
0.0008393471
0.0004933819
0.0006215087
0.0001092851
0.0007907059
0.0010750029
0.0000293920
0.0002513204
0.0010272464
0.0012328622
0.0010243979
0.0000311374
0.0008182963
0.0004953095
0.0009260965
0.0005008808
0.0005526432
0.0010029214
0.0001680289
0.0010448230
0.0009094999
0.0006704941
0.0010576093
0.0005770987
0.0012314862
0.0010437004
0.0007175591
0.0008079617
0.0008707427
0.0007703282
0.0003268311
0.0004614909
0.0000151112
0.0009483398
0.0005707761
0.0008058171
0.0007747439
0.0006001680
0.0010571375
0.0005533912
0.0005844313
0.0008329366
0.0005845287
0.0001541287
0.0000796472
0.0002620263
0.0006550096
0.0006322904
0.0000163488
0.0008230385
0.0004285145
0.0009258487
0.0002449337
0.0002375249
0.0002543485
0.0002278211
0.0000326263
0.0009719075
0.0010357827
0.0009033690
0.0004936369
0.0001140149
0.0001162611
0.0005087481
0.0010623547
0.0006870371
0.0000659662
0.0005884996
0.0000386062
0.0011231037
0.0011418908
0.0006230376
0.0007074413
0.0004778206
0.0007771663
0.0007870885
0.0007398468
0.0001835769
0.0001707800
0.0007561957
0.0010066155
0.0005992944
0.0004334455
0.0000029502
0.0008368194
0.0006877940
0.0002307712
0.0008694457
0.0004111027
0.0000179550
0.0005242158
0.0009047395
0.0001319700
0.0006404769
0.0001648887
0.0011943247
0.0000789151
0.0002308549
0.0005342253
0.0001175213
0.0001053598
0.0004275173
0.0007405588
0.0008128011
0.0009053379
0.0002691262
0.0003512907
0.0003965858
0.0004527032
0.0005220706
0.0011527814
0.0002107196
0.0011213651
0.0003376280
0.0002136698
0.0007095855
0.0010254221
0.0004444410
0.0003304323
0.0001879259
0.0004623961
0.0008546481
0.0010926655
0.0005943661
0.0002465261
0.0000089552
0.0005400918
0.0003254412
0.0002398102
0.0010743171
0.0004429625
0.0003451699
0.0002532355
0.0011835214
0.0011579710
0.0011585733
0.0002040486
0.0002606628
0.0003065603
0.0006567517
0.0007827334
0.0002107428
0.0008674714
0.0006554995
0.0005483709
0.0010811412
0.0001164860
0.0003251941
0.0002769833
0.0004469183
0.0005131200
0.0007393794
0.0000529675
0.0003571865
0.0000851465
0.0002994936
0.0003661417
0.0006252383
0.0006249348
0.0006059519
0.0004509565
0.0010678973
0.0009511219
0.0007041920
0.0010028197
0.0008604939
0.0006141664
0.0012068684
0.0011211567
0.0009207266
0.0006150213
0.0006552911
0.0011314695
0.0002338937
0.0000621916
0.0004312415
0.0000664360
0.0001786777
0.0007564355
0.0003434193
0.0006255960
0.0000209566
0.0010827987
0.0006785635
0.0003781430
0.0011679452
0.0009780572
0.0007442847
0.0005445845
0.0003543931
0.0001016377
0.0009955410
0.0001736915
0.0010527596
0.0004511341
0.0011765113
0.0006646546
0.0010653005
0.0011347807
0.0005372123
0.0007374283
0.0005012031
0.0011925034
0.0006202988
0.0007350968
0.0000060962
0.0010515403
0.0008015329
0.0001847739
0.0005593770
0.0011449523
0.0008103698
0.0005803335
0.0009791520
0.0002403345
0.0009584766
0.0008984983
0.0012183917
0.0004541623
0.0001944839
0.0003241859
0.0005558000
0.0011900250
0.0004978774
0.0003599607
0.0003925602
0.0004257897
0.0010246151
0.0002092618
0.0003119716
0.0003132286
0.0009466900
0.0008131746
0.0002571331
0.0003183900
0.0002996726
0.0002632293
0.0001213314
0.0011012055
0.0004480032
0.0006807083
0.0009975587
0.0000097741
0.0000124429
0.0007281118
0.0002501086
0.0009709194
0.0003780113
0.0002199014
0.0001764829
0.0005724952
0.0005440873
0.0007322829
0.0005139213
0.0010419646
0.0010922436
0.0009064815
0.0002191554
0.0008682599
0.0011157433
0.0005311269
0.0011814885
0.0008138344
0.0000957027
0.0001900227
0.0011322245
0.0003953752
0.0004532521
0.0000049570
0.0002479818
0.0009012552
0.0006856653
0.0012455406
0.0009110293
0.0006981083
0.0007250535
0.0011611379
0.0004204288
0.0011030649
0.0001324405
0.0005969117
0.0004269611
0.0006765277
0.0000805957
0.0009408824
0.0004698935
0.0011728393
0.0005987649
0.0006890488
0.0007925002
0.0004659093
0.0012201759
0.0007253899
0.0000311448
0.0000672796
0.0009154125
0.0011633693
0.0004626549
0.0001200657
0.0011683262
0.0007106367
0.0010213209
0.0006053927
0.0007075784
0.0006837513
0.0000549021
0.0001840330
0.0005962905
0.0004753309
0.0000384989
0.0007287310
0.0010722426
0.0004654600
0.0001566598
0.0011528383
0.0001577435
0.0006265533
0.0010770787
0.0007565084
0.0000670033
0.0006209801
0.0012224177
0.0000385802
0.0000977710
0.0000049636
0.0001058599
0.0010131836
0.0011683329
0.0005685147
0.0011332494
0.0010880602
0.0000305525
0.0009059713
0.0004448539
0.0007381309
0.0003411238
0.0004997560
0.0009221638
0.0009374142
0.0009750869
0.0009606627
0.0004175463
0.0007987306
0.0001775238
0.0005742061
0.0007029701
0.0003352673
0.0012007594
0.0005314499
0.0010917756
0.0000191639
0.0011524301
0.0010655945
0.0000577441
0.0000016022
0.0010705580
0.0001636040
0.0010147858
0.0009902921
0.0007321187
0.0008994362
0.0008297532
0.0007626712
0.0005568086
0.0000260083
0.0002522031
0.0008979324
0.0005257642
0.0011743670
0.0005867477
0.0002522523
0.0008864308
0.0010042939
0.0010509829
0.0010639546
0.0003299012
0.0005053541
0.0001506230
0.0002820618
0.0010368041
0.0012423988
0.0003012256
0.0009406352
0.0010593942
0.0003589697
0.0009422373
0.0008813534
0.0005225737
0.0007084242
0.0006230464
0.0000060935
0.0003592615
0.0002042007
0.0007687646
0.0009160701
0.0002302090
0.0010209678
0.0005654035
0.0007559733
0.0009467359
0.0011521511
0.0010082255
0.0005845678
0.0009078463
0.0008106095
0.0003999235
0.0012377475
0.0000673647
0.0005505465
0.0002712103
0.0011041687
0.0005443463
0.0005724360
0.0007962049
0.0003551416
0.0009314058
0.0004898433
0.0012364950
0.0002053805
0.0011982674
0.0006109424
0.0002114739
0.0003089301
0.0008151432
0.0009802385
0.0012250001
0.0010453522
0.0007526075
0.0005418047
0.0005527266
0.0004507445
0.0004453570
0.0003123532
0.0010353123
0.0001046043
0.0011229627
0.0001866368
0.0000937529
0.0011903273
0.0007371833
0.0003649633
0.0010458971
0.0000329307
0.0009373993
0.0005935031
0.0003880723
0.0006202060
0.0010833464
0.0003759683
0.0008255866
0.0010330150
0.0009869108
0.0010370604
0.0000933461
0.0005534550
0.0007687001
0.0000697473
0.0003502083
0.0002727088
0.0006115521
0.0009029349
0.0007234532
0.0010569090
0.0012152881
0.0005101666
0.0011615134
0.0010896520
0.0006968034
0.0000066674
0.0010313804
0.0001853879
0.0003716306
0.0008286786
0.0002183185
0.0000604310
0.0001735829
0.0006063908
0.0006806370
0.0000083303
0.0009823591
0.0002576246
0.0010413453
0.0007206710
0.0000460861
0.0011346915
0.0000255271
0.0008147863
0.0012044389
0.0003757355
0.0010874950
0.0005673920
0.0000300714
0.0005623494
0.0003757021
0.0012453595
0.0010725161
0.0002886166
0.0010864126
0.0005207206
0.0002952840
0.0008691940
0.0007061085
0.0006669146
0.0004492738
0.0009244270
0.0007273456
0.0006228566
0.0002822189
0.0001593837
0.0006311869
0.0000159791
0.0004170082
0.0004239334
0.0007366502
0.0004630944
0.0003100260
0.0007621772
0.0000292817
0.0002658659
0.0011379127
0.0011167768
0.0008332579
0.0011679842
0.0004305273
0.0012089600
0.0011647447
0.0002544444
0.0002489777
0.0010025584
0.0007751650
0.0005442617
0.0006231536
0.0002326745
0.0012111763
0.0010724274
0.0011571015
0.0006899229
0.0004466850
0.0001907215
0.0008493066
0.0010778720
0.0002067007
0.0000177160
0.0002532065
0.0009433508
0.0004808103
0.0005632324
0.0004569292
0.0005100921
0.0008290983
0.0003462430
0.0003782699
0.0004137572
0.0002656282
0.0008087971
0.0003741183
0.0001817742
0.0010632416
0.0006230960
0.0011843327
0.0005898076
0.0011673576
0.0005588873
0.0008224822
0.0011299349
0.0003827157
0.0007309848
0.0005712590
0.0008294007
0.0009217063
0.0001719667
0.0006586739
0.0011284071
0.0001896827
0.0009118803
0.0008231589
0.0006704930
0.0002265138
0.0000314892
0.0011805850
0.0010556121
0.0003777322
0.0003102560
0.0002207705
0.0006433605
0.0011190531
0.0005948888
0.0008251346
0.0009336959
0.0012179846
0.0007608684
0.0002749046
0.0011367433
0.0000711567
0.0010973868
0.0010180793
0.0004538724
0.0005797727
0.0003407394
0.0000346743
0.0002528802
0.0005127061
0.0006933482
0.0001326883
0.0007023888
0.0003566296
0.0009558472
0.0001242828
0.0005831434
0.0009873364
0.0000562689
0.0003901567
0.0001164697
0.0003665249
0.0006109271
0.0007598302
0.0002369791
0.0012058159
0.0003363659
0.0011706749
0.0011752016
0.0010972343
0.0001969807
0.0010633460
0.0011683910
0.0000457686
0.0008328265
0.0003736646
0.0006255413
0.0011735659
0.0004083389
0.0008784215
0.0004376730
0.0011016871
0.0010111098
0.0011400618
0.0002097177
0.0007183581
0.0000157457
0.0007928612
0.0004570956
0.0000720147
0.0011830179
0.0005735653
0.0004385395
0.0005453461
0.0000847966
0.0006755186
0.0005025631
0.0004211625
0.0005975948
0.0004291658
0.0002697979
0.0007945755
0.0002439129
0.0001895900
0.0008403441
0.0010767394
0.0005632546
0.0002172865
0.0010017063
0.0009715935
0.0010957081
0.0001907805
0.0008246815
0.0008582189
0.0000822434
0.0010343993
0.0003279780
0.0000979891
0.0005786616
0.0007850736
0.0001700038
0.0005130804
0.0001100399
0.0006085433
0.0010584266
0.0001948365
0.0000354631
0.0003123907
0.0006159989
0.0006330579
0.0007415565
0.0008857968
0.0001790345
0.0009854694
0.0010753868
0.0010193787
0.0008136099
0.0003900425
0.0012366652
0.0005667173
0.0001130371
0.0010837743
0.0007574977
0.0009377187
0.0006933942
0.0008397411
0.0007235190
0.0010213723
0.0009377302
0.0000535817
0.0005578469
0.0011077340
0.0005666621
0.0006678868
0.0004676784
0.0003764898
0.0008627233
0.0005031415
0.0006888805
0.0002301233
0.0011361995
0.0001818381
0.0011159201
0.0000666350
0.0011673075
0.0009427080
0.0010860136
0.0007323185
0.0000841516
0.0010740799
0.0000504369
0.0001971887
0.0009092554
0.0008079346
0.0011349074
0.0003540507
0.0003990768
0.0006098275
0.0001268240
0.0000882081
0.0006634091
0.0006846709
0.0011959421
0.0012300713
0.0001039588
0.0004150216
0.0003579622
0.0009666820
0.0009181632
0.0010468427
0.0011968053
0.0008057637
0.0012286808
0.0010641264
0.0008723987
0.0011473894
0.0007582355
0.0007098134
0.0006311090
0.0008423872
0.0005352945
0.0006815458
0.0010395759
0.0001959509
0.0002408815
0.0009258843
0.0005500015
0.0006399584
0.0002871129
0.0006768255
0.0007281664
0.0009505220
0.0001128975
0.0006755097
0.0009319944
0.0002168563
0.0010905312
0.0000413577
0.0011835382
0.0007600955
0.0010882004
0.0011317446
0.0003172603
0.0010682823
0.0009472721
0.0011896590
0.0009670728
0.0004569087
0.0006508735
0.0003495829
0.0000506971
0.0011861679
0.0010311288
0.0010902729
0.0001335199
0.0000234114
0.0007675583
0.0006835214
0.0006633697
0.0010546712
0.0001117481
0.0001429372
0.0007565943
0.0002246456
0.0008184468
0.0004399898
0.0004415019
0.0006603792
0.0004813475
0.0003764413
0.0001718758
0.0003209490
0.0002595870
0.0004891361
0.0001406324
0.0012068591
0.0004301962
0.0011077052
