65
0.0000768443
0.0002547157
0.0004373038
0.0001095516
0.0003803829
0.0002402324
0.0000348287
0.0001747481
0.0001811302
0.0000651482
0.0000878165
0.0000593738
0.0000283623
0.0003314912
0.0000500626
0.0004048900
0.0001310056
0.0000957717
0.0000219501
0.0004615893
0.0003139664
0.0003771304
0.0001295137
0.0001062876
0.0003594058
0.0000822708
0.0001461947
0.0003254940
0.0003941129
0.0000598335
0.0000292285
0.0004709571
0.0003145492
0.0004665323
0.0001075981
0.0002220215
0.0002338540
0.0001424268
0.0003967696
0.0004149842
0.0002075750
0.0000116755
0.0000014474
0.0002359373
0.0003431667
0.0000515100
0.0001679167
0.0000012616
0.0001472817
0.0001898668
0.0004628510
0.0004612481
0.0000940866
0.0001194540
0.0000946250
0.0004534924
0.0002017248
0.0002408197
0.0003060757
0.0001229271
0.0003006532
0.0003353042
0.0001209736
0.0001422918
0.0003289258
0.0002285717
0.0003643133
0.0000898692
0.0003709985
0.0002881723
0.0000319428
0.0001056628
0.0002998478
0.0000333903
0.0003416001
0.0001701039
0.0000849003
0.0000366062
0.0001713655
0.0002321820
0.0002264730
0.0001613058
0.0002205194
0.0003205596
0.0002807599
0.0003151444
0.0003011414
0.0000095740
0.0000830535
0.0001343064
0.0001325011
0.0003837068
0.0004696106
0.0002534747
0.0000530879
0.0003256258
0.0000091358
0.0004174012
0.0004154950
0.0003801342
0.0002326629
0.0004474379
0.0000128865
0.0000596001
0.0000079175
0.0003544865
0.0002297040
0.0000928178
0.0003910928
0.0004010695
0.0003249997
0.0001446551
0.0000894647
0.0000726085
0.0004652147
0.0003702245
0.0003877529
0.0002934455
0.0003797986
0.0004708064
0.0004277519
0.0000393890
0.0003816026
0.0004244519
0.0002928637
0.0004346905
0.0002771671
0.0003019994
0.0003791811
0.0002197515
0.0002092231
0.0001389334
0.0001942788
0.0002221095
0.0001985335
0.0002021963
0.0001036855
0.0004282375
0.0002950140
0.0000218676
0.0003563963
0.0001471031
0.0001665227
0.0004458610
0.0002197116
0.0001588268
0.0003431749
0.0001345539
0.0004522723
0.0002500628
0.0001324497
0.0004071136
0.0002894519
0.0000411417
0.0003586549
0.0001094049
0.0000029216
0.0001629113
0.0004114044
0.0003821028
0.0003826629
0.0001477169
0.0000481255
0.0001040310
0.0003698264
0.0002466591
0.0003062273
0.0000006013
0.0002019859
0.0001283307
0.0000224689
0.0000854715
0.0002754338
0.0001889916
0.0000584219
0.0000222348
0.0003478184
0.0004015967
0.0001567888
0.0003271801
0.0001787489
0.0002892385
0.0002613830
0.0004682008
0.0003303802
0.0001471273
0.0001046951
0.0003333018
0.0003100386
0.0000431889
0.0002424940
0.0002197909
0.0001909058
0.0002906195
0.0003238219
0.0000878216
0.0000643679
0.0001571385
0.0000884228
0.0002663538
0.0002854692
0.0001108917
0.0003518253
0.0000879924
0.0002998833
0.0004102472
0.0001102273
0.0001747911
0.0003389333
0.0002670161
0.0000290605
0.0000447716
0.0000833439
0.0002904436
0.0000400618
0.0004137242
0.0004375709
0.0001447569
0.0002741154
0.0002746989
0.0001879458
0.0000436987
0.0000215791
0.0003788516
0.0003343182
0.0003454010
0.0004666732
0.0003986861
0.0000296289
0.0000821854
0.0001921293
0.0003150981
0.0001930770
0.0000710440
0.0004030906
0.0000200497
0.0000083805
0.0000404072
0.0001948407
0.0003473138
0.0003074232
0.0002239013
0.0003920854
0.0003907671
0.0000414342
0.0004321472
0.0003315807
0.0000060945
0.0001039935
0.0001327854
0.0002807933
0.0002919394
0.0001764841
0.0003023725
0.0001978803
0.0000378917
0.0001748628
0.0001916429
0.0004365778
0.0002044917
0.0002738282
0.0001557965
0.0000466793
0.0004669052
0.0002268404
0.0004497698
0.0000140443
0.0002352209
0.0000172664
0.0002088850
0.0001096241
0.0003246896
0.0004327863
0.0000287989
0.0002425462
0.0000013099
0.0004609461
0.0001012162
0.0000074043
0.0000920290
0.0002340017
0.0002881977
0.0003839684
0.0004104858
0.0001176595
0.0001089381
0.0004483775
0.0002925224
0.0003005810
0.0004120446
0.0000241035
0.0001014986
0.0000949305
0.0000707827
0.0000954932
0.0003217709
0.0000476419
0.0001095375
0.0000840812
0.0000649083
0.0003184225
0.0001937053
0.0003895979
0.0002782982
0.0002225042
0.0001592335
0.0002796080
0.0002105397
0.0002604497
0.0002870123
0.0003025687
0.0000215408
0.0001022994
0.0002136265
0.0004320265
0.0002199589
0.0003225646
0.0004074934
0.0000395706
0.0001502350
0.0003466274
0.0000636741
0.0002517336
0.0004415579
0.0001344568
0.0003472268
0.0002904181
0.0001820988
0.0004567643
0.0003744993
0.0002470071
0.0003022762
0.0000952939
0.0001636943
0.0001076638
0.0003177981
0.0003229278
0.0003872718
0.0000554271
0.0001104669
0.0002013735
0.0003579958
0.0001320077
0.0003036729
0.0000987117
0.0000911236
0.0000507212
0.0004212763
0.0000257064
0.0000902918
0.0000986006
0.0003723338
0.0001539659
0.0003503342
0.0003409811
0.0002884227
0.0002246504
0.0001584886
0.0004705214
0.0002085040
0.0000600773
0.0002446178
0.0000378697
0.0001553712
0.0004083122
0.0001455334
0.0000002587
0.0002583294
0.0000598946
0.0000556858
0.0003687963
0.0002612681
0.0004136816
0.0000278934
0.0000920304
0.0000394827
0.0001190171
0.0001427515
0.0004607590
0.0001447235
0.0002330433
0.0000864489
0.0000441467
0.0003870092
0.0004367831
0.0003851277
0.0002025212
0.0001885228
0.0000707057
0.0002001320
0.0003970269
0.0001307830
0.0004447499
0.0004348966
0.0002861542
0.0003801514
0.0001075194
0.0002864129
0.0001655702
0.0001674140
0.0003420987
0.0000614559
0.0004286821
0.0002828697
0.0000893493
0.0000478019
0.0003223523
0.0002083664
0.0001905534
0.0003102006
0.0003530899
0.0004235967
0.0003966496
0.0003972365
0.0003376952
0.0003605220
0.0003094536
0.0000673058
0.0000761343
0.0003801594
0.0002674379
0.0000002505
0.0000380317
0.0002392771
0.0004351471
0.0003241859
0.0001465179
0.0000697558
0.0001376882
0.0003120881
0.0002371698
0.0000068762
0.0003735441
0.0001929413
0.0002897459
0.0004628934
0.0002407431
0.0001391876
0.0001983491
0.0004312965
0.0004493882
0.0000785284
0.0003819826
0.0003731271
0.0000028543
0.0002467672
0.0002607386
0.0003123079
0.0003140731
0.0003368729
0.0002195566
0.0001086003
0.0003371234
0.0002575883
0.0003478774
0.0002993598
0.0001088636
0.0000214847
0.0003691157
0.0002465517
0.0003335729
0.0001333749
0.0002534279
0.0002342063
0.0003263162
0.0000702632
0.0002241890
0.0000941487
0.0002094508
0.0004225382
0.0000525346
0.0001859283
0.0000281559
0.0004345172
0.0000861449
0.0000310102
0.0002083738
0.0003468835
0.0003433181
0.0000495362
0.0002108457
0.0000899640
0.0001581366
0.0000750584
0.0003475523
0.0000331034
0.0003744183
0.0004564159
0.0000545881
0.0002706234
0.0002300570
0.0003881610
0.0004039982
0.0000105743
0.0001494566
0.0002574038
0.0000808375
0.0003736457
0.0003515525
0.0002902882
0.0003232732
0.0004040871
0.0000033059
0.0003514292
0.0003656937
0.0000894508
0.0003824394
0.0001011568
0.0004363343
0.0002528468
0.0001506931
0.0001742693
0.0003428108
0.0003088296
0.0002493277
0.0002174525
0.0003419330
0.0001508354
0.0002009578
0.0003965211
0.0004214588
0.0004310148
0.0003117714
0.0003525464
0.0004415891
0.0004612281
0.0001370396
0.0000495160
0.0003619632
0.0000156815
0.0003398042
0.0002123258
0.0004197686
0.0003431101
0.0000908443
0.0003125516
0.0004325609
0.0000003731
0.0004137084
0.0003959846
0.0002532199
0.0000914909
0.0000973432
0.0001231201
0.0004003205
0.0003466710
0.0003405726
0.0002693429
0.0000245958
0.0000686198
0.0001929533
0.0004460545
0.0000267240
0.0000318142
0.0003256903
0.0004683131
0.0000201316
0.0004627299
0.0000449185
0.0003820948
0.0000055008
0.0003847227
0.0001215100
0.0004252693
0.0002549222
0.0002123543
0.0002649103
0.0002145725
0.0002127274
0.0002057081
0.0001376464
0.0004659473
0.0002971990
0.0002349896
0.0001161568
0.0002246088
0.0001087500
0.0004567294
0.0000210411
0.0001333458
0.0000524386
0.0002139944
0.0001064897
0.0000791626
0.0002458086
0.0004321800
0.0000745652
0.0002659402
0.0004219993
0.0001194836
0.0001751244
0.0004275001
0.0000312957
0.0002966344
0.0003798588
0.0002862179
0.0000360780
0.0001718585
0.0000278797
0.0002488054
0.0003775666
0.0001655261
0.0002418421
0.0002018549
0.0004005158
0.0003579989
0.0004264638
0.0000363551
0.0003418177
0.0004475049
0.0001697009
0.0003942563
0.0001885887
0.0002761906
0.0000005083
0.0004343973
0.0002354600
0.0000750734
0.0002274269
0.0001845487
0.0001945571
0.0004025513
0.0001391382
0.0002258528
0.0002262750
0.0000460864
0.0000391600
0.0002623531
0.0002179449
0.0000670397
0.0000382479
0.0001226009
0.0002325659
0.0002800900
0.0003244558
0.0001601710
0.0001651783
0.0002780089
0.0001965261
0.0000340853
0.0002526032
0.0003662271
0.0004283416
0.0004411918
0.0001695070
0.0004288499
0.0004026785
0.0004049670
0.0000310127
0.0001571947
0.0001166051
0.0002255697
0.0000868354
0.0002557433
0.0004514225
0.0003131104
0.0003018297
0.0000176719
0.0001025528
0.0000468640
0.0000847116
0.0001408007
0.0001694648
0.0003172775
0.0004208907
0.0000210100
0.0000045379
0.0001131583
0.0002990190
0.0002010640
0.0001472436
0.0000787115
0.0000943804
0.0001026746
0.0000469927
0.0002638875
0.0000586138
0.0004496711
0.0001959439
0.0000896265
0.0001339553
0.0003125490
0.0003151962
0.0002207907
0.0000953817
0.0002937081
0.0000609904
0.0003972114
0.0003113800
0.0001635433
0.0004440754
0.0003960916
0.0003043440
0.0001406296
0.0002404585
0.0002523241
0.0001616396
0.0002449964
0.0003654824
0.0004606585
0.0004460604
0.0000398154
0.0000664594
0.0000675303
0.0001424900
0.0001134521
0.0003314177
0.0002011038
0.0000902126
0.0000544510
0.0002907303
0.0002241679
0.0003670000
0.0001330159
0.0004449585
0.0004623816
0.0004267240
0.0000330383
0.0003866824
0.0002651933
0.0001965816
0.0003578472
0.0001883744
0.0000280150
0.0000255661
0.0004288329
0.0002803391
0.0001872057
0.0002009187
0.0001729108
0.0001749536
0.0001740685
0.0002127263
0.0002414130
0.0002415988
0.0003552163
0.0003548651
0.0001001059
0.0000834095
0.0004450777
0.0001545569
0.0003741397
0.0001963350
0.0000486462
0.0000342450
0.0001683829
0.0000381172
0.0004609689
0.0002014212
0.0004247996
0.0002532517
0.0003980028
0.0003097362
0.0004416261
0.0004260178
0.0003353023
0.0003975483
0.0002334462
0.0000495974
0.0001255565
0.0004063571
0.0002245511
0.0002996250
0.0001461727
0.0004659641
0.0000683132
0.0000284784
0.0003479185
0.0001684191
0.0001118879
0.0003200856
0.0003229759
0.0000131170
0.0000435099
0.0003716222
0.0000473619
0.0002118928
0.0004097394
0.0000354203
0.0004133140
0.0003616284
0.0002886720
0.0003384062
0.0001984540
0.0002573874
0.0002915134
0.0000608456
0.0001820251
0.0000520490
0.0001104431
0.0003075816
0.0004584061
0.0003349941
0.0001342960
0.0001316682
0.0003280476
0.0002026091
0.0001601466
0.0002030554
0.0003710282
0.0002720345
0.0000502304
0.0002210935
0.0002851514
0.0000937403
0.0001198050
0.0003325134
0.0003056331
0.0000566338
0.0003679337
0.0002460365
0.0004182621
0.0001836950
0.0001115321
0.0001438055
0.0004410823
0.0004030454
0.0002046511
0.0001501969
0.0004550944
0.0003150942
0.0004577785
0.0004405899
0.0001771777
0.0001191638
0.0000993475
0.0000323146
0.0003217729
0.0002594941
0.0002353701
0.0002198904
0.0000586180
0.0002856005
0.0004409839
0.0003437694
0.0003793408
0.0000878783
0.0002033722
0.0002120633
0.0001445121
0.0000983952
0.0004580998
0.0000898636
0.0002820901
0.0000967212
0.0002336691
0.0002502619
0.0000268560
0.0004383202
0.0004004587
0.0000090398
0.0002805037
0.0003853266
0.0004496298
0.0004576814
0.0000315797
0.0000760667
0.0000170854
0.0003533526
0.0003355608
0.0002524554
0.0001003324
0.0003941788
0.0000651453
0.0000684057
0.0002650376
0.0004444861
0.0001562840
0.0004684097
0.0001836387
0.0003007961
0.0000938943
0.0001688278
0.0003906597
0.0003759844
0.0002655490
0.0001514181
0.0001533357
0.0002924050
0.0001168277
0.0000808838
0.0003014449
0.0003973314
0.0004662104
0.0002781641
0.0003821022
0.0000248794
0.0003542307
0.0003991875
0.0003782320
0.0002168809
0.0001787323
0.0000056538
0.0001381491
0.0002438776
0.0000740595
0.0004031867
0.0002154530
0.0002303435
0.0003986857
0.0003990917
0.0000582290
0.0000196694
0.0000950089
0.0004488887
0.0003956538
0.0003605580
0.0001273963
0.0000760789
0.0001800524
0.0002442239
0.0001569627
0.0000085867
0.0001686447
0.0001502624
0.0002867507
0.0000778362
0.0001751419
0.0001680708
0.0000041131
0.0000804633
0.0003849517
0.0001828455
0.0000861171
0.0000501902
0.0004267231
0.0001601766
0.0004533768
0.0001692655
0.0003905201
0.0003791519
0.0000954466
0.0004487492
0.0003988213
0.0001904555
0.0004247273
0.0003215645
0.0000781028
0.0000792129
0.0003976434
0.0002581552
0.0003234369
0.0000816954
0.0002667419
0.0000191710
0.0002319579
0.0000805820
0.0000970072
0.0004070997
0.0002486528
0.0001011203
0.0000146524
0.0001606939
0.0002839658
0.0001007695
0.0002108841
0.0002377782
0.0002609460
0.0001913503
0.0004070437
0.0001785556
0.0000975916
0.0000295796
0.0001543941
0.0000235022
0.0002200351
0.0001062108
0.0003450668
0.0002981380
0.0001854237
0.0002697995
0.0000833826
0.0000359500
0.0003514950
0.0003501245
0.0000551209
0.0001105422
0.0004307065
0.0001521281
0.0000447313
0.0002064487
0.0002532485
0.0000593837
0.0003671426
0.0000643036
0.0001601532
0.0001051161
0.0003020818
0.0004210992
0.0002964663
0.0002362149
0.0001267441
0.0003940579
0.0002657945
0.0002811383
0.0004175601
0.0000129190
0.0003873490
0.0002897163
0.0003110570
0.0000998621
0.0000866052
0.0003944396
0.0001358121
0.0004381002
0.0002716534
0.0001909331
0.0000757318
0.0002294493
0.0003430612
0.0001204631
0.0004358980
0.0001233990
0.0001798468
0.0003301300
0.0001877027
0.0003400000
0.0004352460
0.0000168739
0.0002881885
0.0002588017
0.0002530888
0.0004149327
0.0001799490
0.0000459727
0.0002231603
0.0001245985
0.0000588918
0.0001375987
0.0004143148
0.0003699488
0.0002374609
0.0000280094
0.0002914777
0.0003732730
0.0004661095
0.0000902205
0.0000912954
0.0000689307
0.0003196698
0.0004343567
0.0001893938
0.0002826571
0.0000848451
0.0003692406
0.0001398764
0.0002725477
0.0002363299
0.0001022119
0.0002894216
0.0000516078
0.0003610136
0.0000695998
0.0004665404
0.0000680520
0.0001155725
0.0002167901
0.0001926505
0.0001744643
0.0003543888
0.0001340547
0.0000715024
0.0001189391
0.0001620641
0.0003629801
0.0000193014
0.0001552630
0.0004532006
0.0001105969
0.0002241936
0.0002999598
0.0000720429
0.0004135874
0.0001097062
0.0001568880
0.0003099173
0.0002495827
0.0004294357
0.0000733366
0.0003517946
0.0002459467
0.0001249443
0.0002398975
0.0003155465
0.0001185741
0.0003079495
0.0004311191
0.0003353642
0.0000276894
0.0001326728
0.0002168424
0.0001617441
0.0002041752
0.0003357815
0.0003238082
0.0000942447
0.0003550829
0.0000061606
0.0000745347
0.0004656798
0.0002303542
0.0003744944
0.0000648120
0.0001710310
0.0000112900
0.0002217000
0.0000080377
0.0002608727
0.0001782251
0.0000813742
0.0001397567
0.0004241718
0.0002063186
0.0003796542
0.0002668077
0.0003248927
0.0002146931
0.0002250161
0.0001873462
0.0002423825
0.0003576889
0.0004041886
0.0004041266
0.0000889535
0.0002670595
0.0002550242
0.0001831981
0.0001492317
0.0002611848
0.0002577328
0.0001420009
0.0000186283
0.0001593166
0.0002068129
0.0001896593
0.0001706067
0.0004285130
0.0001976970
0.0004314794
0.0001338274
0.0002790712
0.0000983254
0.0000850886
0.0000124792
0.0000050690
0.0003518962
0.0003373718
0.0002197620
0.0001040018
0.0000518074
0.0004621445
0.0004616907
0.0004559961
0.0003933605
0.0000777335
0.0002501449
0.0001754741
0.0002609316
0.0003993767
0.0004366588
0.0000457538
0.0000684669
0.0004552871
0.0002050704
0.0002752799
0.0001720358
0.0003756771
0.0002308822
0.0003697328
0.0003342459
0.0003647096
0.0001758934
0.0004325713
0.0004497982
0.0001883726
0.0004376402
0.0003287838
0.0000528338
0.0001844916
0.0004327856
0.0001046412
0.0001737255
0.0004215656
0.0000877267
0.0000941754
0.0000263885
0.0003378716
0.0002696494
0.0002873201
0.0002643377
0.0002333976
0.0003330739
0.0003328046
0.0002157741
0.0000652338
0.0001351739
0.0003878099
0.0004409109
0.0003660560
0.0002846321
0.0003022461
0.0002578550
0.0004605255
0.0002619068
0.0002347425
0.0001759875
0.0002266364
0.0000906157
0.0002288213
0.0004111280
0.0000504906
0.0003334625
0.0001119429
0.0004720562
0.0004211892
0.0002061183
0.0000255341
0.0002861502
0.0000028571
0.0003128542
0.0000775772
0.0002362547
0.0001730175
0.0004103818
0.0004520288
0.0002382513
0.0000726451
0.0003669280
0.0002062515
0.0004387011
0.0001786495
0.0000355870
0.0002236455
0.0001662644
0.0002974938
0.0004583880
0.0003422519
0.0000512195
0.0000760931
0.0000981625
0.0004623476
0.0001265837
0.0004316250
0.0001013798
0.0001257293
0.0003799036
0.0003074981
0.0001512634
0.0001931431
0.0003103552
0.0004641175
0.0002707203
0.0000736992
0.0001642244
0.0002081915
0.0000528173
0.0004024757
0.0002808366
0.0004197454
0.0001358165
0.0002466271
0.0001254842
0.0001714035
0.0004702726
0.0002917486
0.0004688973
0.0004557500
0.0001610899
0.0000472062
0.0000589325
0.0002592524
0.0000366431
0.0001855162
0.0002179668
0.0001380230
0.0003112455
0.0001249597
0.0004455211
0.0004625089
0.0003181028
0.0002829656
0.0004537158
0.0001159125
0.0003566648
0.0001450296
0.0003241041
0.0004094821
0.0000745946
0.0001320301
0.0003563169
0.0002104111
0.0003786572
0.0000088905
0.0003818147
0.0003760192
0.0003006391
0.0003778014
0.0003588585
0.0004617290
0.0004250076
0.0004177910
0.0002480708
0.0004616508
0.0001303965
0.0004660376
0.0001267631
0.0004416420
0.0001180867
0.0000993736
0.0004312402
0.0004361896
0.0003823392
0.0004120454
0.0000791915
0.0002660934
0.0000841643
0.0004032955
0.0002026649
0.0001587589
0.0000624150
0.0000860711
0.0003691701
0.0004410722
0.0000949616
0.0002780741
0.0003441807
0.0003956007
0.0001829649
0.0002301286
0.0003844191
0.0001350619
0.0001750089
0.0001595793
0.0001238020
0.0003054054
0.0001527064
0.0002505651
0.0002741367
0.0002707931
0.0003499386
0.0002324663
0.0002340720
0.0002593672
0.0001716011
0.0003132635
0.0000525499
0.0002557654
0.0002436484
0.0002552148
0.0004145243
0.0003060634
0.0003412860
0.0003107838
0.0002742249
0.0004362476
0.0001159473
0.0001454950
0.0003589377
0.0002989122
0.0003756235
0.0002704462
0.0004339740
0.0000777218
0.0004300255
0.0000848654
0.0003831272
0.0001098213
0.0003354304
0.0001843533
0.0003806144
0.0002124584
0.0004168196
0.0001417758
0.0004718256
0.0001155101
0.0004550393
0.0000514649
0.0003712755
0.0002257770
0.0003066798
0.0003128892
0.0000589298
0.0001750551
0.0001507624
0.0003331547
0.0001383920
0.0002667097
0.0000057390
0.0000244191
0.0000927112
0.0003813625
0.0002948652
0.0000537746
0.0004590843
0.0002519801
0.0001386400
0.0003693009
0.0003618014
0.0000011598
0.0000807435
0.0002695052
0.0002136182
0.0000246525
0.0004112809
0.0002125332
0.0001401625
0.0003934095
0.0002639982
0.0000385274
0.0001462759
0.0000977673
0.0003514166
0.0002052057
0.0002728224
0.0000292683
0.0000654497
0.0004112144
0.0002959780
0.0000711887
0.0004356335
0.0003886892
0.0004525513
0.0002575881
0.0004424638
0.0004387250
0.0000366576
0.0001081932
0.0003351152
0.0003984590
0.0001093530
0.0004158587
0.0001950536
0.0003229713
0.0004405112
0.0001334238
0.0000625939
0.0001077631
0.0000539228
0.0003265920
0.0001462905
0.0002001987
0.0004243593
0.0000247965
0.0004054043
0.0002242710
0.0000540648
0.0004708541
0.0001625748
0.0003500427
0.0000691322
0.0001252977
0.0002658213
0.0000487729
0.0003828857
0.0002353744
0.0000145872
0.0004195434
0.0003435676
0.0003497025
0.0003450918
0.0004529206
0.0002926506
0.0000672347
0.0003029813
0.0002602511
0.0002006586
0.0003655751
0.0003680143
0.0002545813
0.0002192565
0.0000413941
0.0004547800
0.0001707052
0.0000661906
0.0003872737
0.0003949762
0.0001202554
0.0003852172
0.0000846404
0.0004702981
0.0004543494
0.0002099380
0.0002632087
0.0000302116
0.0001199132
0.0000256725
0.0000447989
0.0000665459
0.0003692402
0.0003945013
0.0004116377
0.0003492502
0.0002142413
0.0000059618
0.0001793208
0.0000015818
0.0002066204
0.0000719853
0.0003695961
0.0004612017
0.0002912418
0.0004109902
0.0004430711
0.0004619469
0.0000042702
0.0003574342
0.0003840125
0.0001245256
0.0002697408
0.0004686529
0.0001219130
0.0002511796
0.0002056803
0.0003851217
0.0002813912
0.0003255934
0.0004107942
0.0003261901
0.0003921393
0.0003071237
0.0002477808
0.0003308664
0.0001834632
0.0004620221
0.0003368282
0.0003627840
0.0004636040
0.0000705380
0.0004347693
0.0003602894
0.0000588291
0.0002531005
0.0002983690
0.0000289896
0.0002421368
0.0003026392
0.0003864238
0.0001532387
0.0004271648
0.0001832540
0.0001489810
0.0000761671
0.0004344335
0.0003546613
0.0004612888
0.0002429141
0.0002073441
0.0003991724
0.0000961936
0.0001265728
0.0002333854
0.0003439744
0.0004574392
0.0004168487
0.0003330860
0.0003213568
0.0003067221
0.0003237793
0.0003918948
0.0002685808
0.0002111581
0.0004507240
0.0000487706
0.0000366165
0.0000068029
0.0002909075
0.0003392557
0.0003932267
0.0004441462
0.0002935099
0.0001035701
0.0001202166
0.0003696770
0.0000650930
0.0000019672
0.0003580552
0.0003080071
0.0002093113
0.0002843169
0.0004042007
0.0003358840
0.0000447918
0.0002752646
0.0003204126
0.0004616404
0.0001354399
0.0001688588
0.0002954519
0.0004592192
0.0000878430
0.0000911220
0.0001974667
0.0000656563
0.0001398927
0.0002340832
0.0000724592
0.0004308002
0.0001004283
0.0004656859
0.0004020357
0.0003939381
0.0000963454
0.0000493417
0.0002907045
0.0001614384
0.0000513089
0.0001758491
0.0004694456
0.0002606201
0.0004601660
0.0004007357
0.0001235935
0.0000320472
0.0002030897
0.0004440062
0.0000207770
0.0003385296
0.0001399544
0.0003162289
0.0003248382
0.0002277973
0.0004073509
0.0000493943
0.0002934537
0.0000743330
0.0002834775
0.0003659129
0.0000322225
0.0003839058
0.0003586882
0.0004342583
0.0003049333
0.0004550336
0.0000106893
0.0001227272
0.0001435614
0.0000619981
0.0002985763
0.0001400963
0.0003226183
0.0002858317
0.0000679214
0.0004462118
0.0003178790
0.0002710111
0.0004173073
0.0003386560
0.0001366301
0.0000843511
0.0001819742
0.0004614684
0.0003121484
0.0001164146
0.0000379520
0.0001326914
0.0001907476
0.0003214295
0.0000256937
0.0002229701
0.0002324247
0.0003843818
0.0001843177
0.0000644474
0.0003665048
0.0001950070
0.0001871746
0.0000371555
0.0002570051
0.0000128403
0.0001772518
0.0001067128
0.0002986720
0.0002451732
0.0000800139
0.0001436403
0.0000432737
0.0000244107
0.0000093856
0.0001799038
0.0001087617
0.0001913599
0.0001684615
0.0004209102
0.0003077744
0.0002064135
0.0000806910
0.0000256114
0.0000549325
0.0001063847
0.0002485815
0.0002873571
0.0000178559
0.0004328992
0.0003518045
0.0003843606
0.0001549955
0.0000660684
0.0004215161
0.0004120007
0.0000789087
0.0001258573
0.0000458028
0.0003775807
0.0003710305
0.0001258167
0.0000483104
0.0004143042
0.0001502274
0.0000576960
0.0001212974
0.0002589892
0.0002490559
0.0002897589
0.0002069887
0.0000839197
0.0000232618
0.0002876797
0.0001095311
0.0000781943
0.0003940644
0.0003581125
0.0003655514
0.0004119202
0.0003181011
0.0002444453
0.0003233702
0.0000001860
0.0003105137
0.0002719758
0.0004121866
0.0003894224
0.0003978330
0.0004579894
0.0002940924
0.0002959530
0.0001108955
0.0003424028
0.0002373466
0.0002611229
0.0004000988
0.0003586439
0.0000472014
0.0001762441
0.0001754922
0.0002541901
0.0002601638
0.0001987540
0.0000689592
0.0003696949
0.0002769482
0.0004630236
0.0002548968
0.0001695890
0.0004020332
0.0001000872
0.0004140343
0.0002524928
0.0001002732
0.0002516373
0.0000515580
0.0000395491
0.0001681491
0.0004493910
0.0000246279
0.0004622415
0.0002724334
0.0001355234
0.0003317337
0.0000368693
0.0003966464
0.0002589219
0.0003955132
0.0004438478
0.0004351660
0.0000980947
0.0002251273
0.0002224192
0.0002968487
0.0002940865
0.0001192034
0.0001008863
0.0002841995
0.0003741002
0.0002704753
0.0002133221
0.0000012767
0.0002115989
0.0004658150
0.0001015499
0.0004632363
0.0000444623
0.0001410990
0.0001584748
0.0000209427
0.0001657269
0.0001478057
0.0002933760
0.0003012504
0.0000066287
0.0003302453
0.0002249861
0.0002655506
0.0002528478
0.0001959232
0.0002278060
0.0003509425
0.0004210505
0.0004502251
0.0001748806
0.0002422264
0.0000965179
0.0002757669
0.0000535153
0.0004706181
0.0000733316
0.0002668374
0.0004718948
0.0002849306
0.0002597417
0.0001005340
0.0002752562
0.0003042040
0.0002416330
0.0004337310
0.0003251467
0.0004073599
0.0001086260
0.0001456121
0.0002356997
0.0001152547
0.0000029467
0.0004606858
0.0003808054
0.0002557946
0.0001836983
0.0001357007
0.0001338265
0.0001318382
0.0001130153
0.0003087072
0.0003740646
0.0002095332
0.0001115635
0.0004275799
0.0002072406
0.0001848951
0.0002215067
0.0002062247
0.0004698257
0.0000083378
0.0003067587
0.0002721713
0.0003125418
0.0000754811
0.0002329916
0.0001647779
0.0000099305
0.0003416176
0.0003103900
0.0002456302
0.0004568723
0.0003133368
0.0002334053
0.0003647671
0.0000962207
0.0004171036
0.0000275572
0.0002300472
0.0000760312
0.0001405725
0.0000658437
0.0004500958
0.0003501056
0.0001774072
0.0004047652
0.0000844356
0.0003623023
0.0001533613
0.0002906603
0.0003592173
0.0001616991
0.0001245085
0.0001584780
0.0000013303
0.0001999896
0.0003914696
0.0001661082
0.0002099201
0.0002601766
0.0000035876
0.0004555502
0.0002441383
0.0003169244
0.0002160449
0.0001359947
0.0004131451
0.0001602378
0.0001635519
0.0001702816
0.0002362690
0.0003041244
0.0002361254
0.0002134542
0.0001813194
0.0004135326
0.0001453088
0.0002657551
0.0003029243
0.0002986700
0.0000835047
0.0001892310
0.0004603691
0.0002080132
0.0003477090
0.0004616994
0.0004080028
0.0002662679
0.0001548970
0.0001450123
0.0000535339
0.0001584846
0.0001276519
0.0002976721
0.0000024983
0.0003436967
0.0004336669
0.0004156434
0.0000310239
0.0001243082
0.0001130144
0.0002672930
0.0004284326
0.0003491398
0.0000078366
0.0001368414
0.0002897618
0.0001531454
0.0004025965
0.0001197754
0.0004518154
0.0000131906
0.0003090064
0.0004392739
0.0002212038
0.0001838048
0.0004280626
0.0001562960
0.0004500727
0.0001100490
0.0003013082
0.0000306959
0.0002685336
0.0004289601
0.0003283681
0.0002710319
0.0002997462
0.0002891243
0.0002137646
0.0003307701
0.0004134325
0.0003267790
0.0001251525
0.0003689545
0.0002030081
0.0001329891
0.0000328853
0.0000198593
0.0002861344
0.0004354818
0.0001396346
0.0002650392
0.0004486723
0.0004486411
0.0002314024
0.0001969655
0.0001595352
0.0001865544
0.0003532615
0.0001366973
0.0002966034
0.0001816590
0.0001673932
0.0000922264
0.0001377085
0.0000228506
0.0003632583
0.0004374547
0.0003119750
0.0001041123
0.0002953142
0.0002524968
0.0004308913
0.0004204666
0.0001485407
0.0001609888
0.0000805451
0.0001814260
0.0001808480
0.0003666795
0.0001439971
0.0003204827
0.0001588080
0.0001197588
0.0002962131
0.0003902104
0.0003167243
0.0004557484
0.0001038542
0.0001970751
0.0001195350
0.0004004576
0.0003787341
0.0002869282
0.0000197734
0.0000435320
0.0003097788
0.0003830317
0.0000080760
0.0001488432
0.0000142334
0.0003033902
0.0004013400
0.0004451247
0.0002509462
0.0000769701
0.0001332028
0.0003314913
0.0002583961
0.0003140509
0.0002252601
0.0004023932
0.0001616230
0.0003840681
0.0000492413
0.0004578361
0.0003013679
0.0003659656
0.0004406738
0.0004052221
0.0000901301
0.0000872982
0.0003327692
0.0004688642
0.0003742265
0.0003525426
0.0000394855
0.0002110947
0.0002626636
0.0000475616
0.0003599379
0.0002768970
0.0003509518
0.0002883672
0.0002491111
0.0001289874
0.0003653373
0.0003823139
0.0004604786
0.0001508227
0.0002234542
0.0002128281
0.0000803053
0.0003850772
0.0001239856
0.0001295466
0.0003700027
0.0004253535
0.0000226016
0.0003377659
0.0003576650
0.0001127317
0.0004250642
0.0002175235
0.0001086853
0.0003263800
0.0000971555
0.0001481708
0.0000645641
0.0003598191
0.0001957324
0.0004245020
0.0001638055
0.0000737735
0.0002399586
0.0004129166
0.0002027609
0.0001323853
0.0003223199
0.0001903289
0.0002832080
0.0000728635
0.0004031570
0.0003635133
0.0004579407
0.0000542320
0.0000201494
0.0003550327
0.0000066749
0.0000427510
0.0002198880
0.0003643399
0.0001554827
0.0001720415
0.0001089528
0.0002641680
0.0000255109
0.0002061083
0.0004123388
0.0000900750
0.0000930168
0.0001351606
0.0000416663
0.0002568223
0.0002089341
0.0002816249
0.0001968283
0.0004116950
0.0004140101
0.0000462376
0.0001291132
0.0002243076
0.0001191012
0.0000593596
0.0001149103
0.0001041312
0.0001135916
0.0001350596
0.0004591640
0.0001202665
0.0001778106
0.0002061414
0.0000116958
0.0003332933
0.0003781829
0.0001206487
0.0001245507
0.0004036938
0.0003267570
0.0000639788
0.0000208582
0.0004197737
0.0001991394
0.0000625245
0.0002036854
0.0004080735
0.0003441494
0.0004005137
0.0003468579
0.0002852489
0.0004467513
0.0000030605
0.0000366458
0.0000929419
0.0000624201
0.0001515561
0.0001970731
0.0001760117
0.0002866157
0.0001833265
0.0002962782
0.0004644263
0.0003894679
0.0003079741
0.0003248089
0.0002947402
0.0004286228
0.0004493596
0.0002255234
0.0002824691
0.0000404278
0.0002463815
0.0002293322
0.0002395673
0.0003089060
0.0004330177
0.0001747301
0.0001801448
0.0003606208
0.0000486774
0.0004653936
0.0003344615
0.0000517378
0.0000291288
0.0004274033
0.0001141579
0.0001806849
0.0001515659
0.0002901696
0.0004673006
0.0003348924
0.0001135373
0.0004588162
0.0002514496
0.0004215114
0.0003107145
0.0000732791
0.0003772235
0.0002871635
0.0002988025
0.0001867820
0.0003275914
0.0000722734
0.0004161143
0.0000942480
0.0003811794
0.0003762213
0.0002689781
0.0000884136
0.0002639314
0.0003176555
0.0000808966
0.0001254822
0.0003693933
0.0001100255
0.0000799750
0.0000106406
0.0002907104
0.0002315408
0.0003008103
0.0002851003
0.0000935226
0.0004143476
0.0002710059
0.0003449722
0.0003629483
0.0001088098
0.0004182513
0.0002672612
0.0003959733
0.0002441431
0.0004540432
0.0002506541
0.0003164166
0.0003972468
0.0003449021
0.0002246854
0.0003005575
0.0001409696
0.0003130990
0.0000915782
0.0004586251
0.0003939956
0.0002170604
0.0003551078
0.0000311104
0.0002970354
0.0003657484
0.0003218208
0.0000556656
0.0001936481
0.0001340104
0.0001491882
0.0001350850
0.0004050163
0.0000212497
0.0000251227
0.0000409155
0.0004395010
0.0002923839
0.0004368888
0.0002107335
0.0002735164
0.0002146323
0.0000542394
0.0001978526
0.0000866237
0.0002789248
0.0000254995
0.0002275933
0.0001191131
0.0001170777
0.0002133078
0.0000401981
0.0003341381
0.0000955050
0.0000713085
0.0001582629
0.0004612534
0.0003931293
0.0002139286
0.0001819909
0.0000542291
0.0003631168
0.0003170758
0.0004592454
0.0003843665
0.0003421985
0.0000272503
0.0003509569
0.0001616717
0.0004641390
0.0000887797
0.0004351882
0.0002058607
0.0001430192
0.0001601302
0.0002924844
0.0004219440
0.0001856296
0.0000471671
0.0000681465
0.0003027073
0.0002604748
0.0001083445
0.0001639348
0.0003559798
0.0001796530
0.0003221977
0.0003443226
0.0000998717
0.0000632157
0.0000534028
0.0001541008
0.0004263325
0.0003704787
0.0001404355
0.0003377883
0.0002397666
0.0001676858
0.0002158346
0.0004014383
0.0001589142
0.0003046143
0.0003637158
0.0003647749
0.0004476334
0.0000509354
0.0001843486
0.0003966668
0.0002365650
0.0002315157
0.0004648132
0.0000663617
0.0000190799
0.0001002471
0.0002302965
0.0003750598
0.0002799002
0.0000795836
0.0002464718
0.0003797719
0.0001427993
0.0002998745
0.0000609620
0.0000962212
0.0001974426
0.0002013975
0.0004340095
0.0004372091
0.0003690833
0.0001769334
0.0003657368
0.0000550869
0.0000086371
0.0002565420
0.0004198618
0.0004562705
0.0003074774
0.0001312998
0.0003800267
0.0000711317
0.0003628155
0.0003719293
0.0001374934
0.0003818955
0.0004721764
0.0003677900
0.0002840446
0.0002791660
0.0004473736
0.0000576057
0.0001860272
0.0001172623
0.0003574803
0.0002469892
0.0002134835
0.0000820122
0.0004483868
0.0001745824
0.0000463107
0.0003445594
0.0003515158
0.0004120475
0.0003996463
0.0003601529
0.0001956789
0.0003465975
0.0003435128
0.0000302456
0.0000049866
0.0002506289
0.0001013773
0.0003678022
0.0001496476
0.0002388708
0.0002767870
0.0001489134
0.0001337501
0.0000879209
0.0004280794
0.0001082131
0.0001455267
0.0001411961
0.0002254754
0.0000300963
0.0003881853
0.0004389589
0.0001121085
0.0003636614
0.0001406306
0.0001584192
0.0002353102
0.0000192358
0.0000975561
0.0001620459
0.0003793887
0.0002932349
0.0000357327
0.0002499909
0.0003234805
0.0000407194
0.0000277091
0.0004248579
0.0004085216
0.0001773567
0.0001908180
0.0002123979
0.0003262702
0.0003245681
0.0003003189
0.0002814390
0.0004327811
0.0004458455
0.0004226350
0.0001853459
0.0000030312
0.0003379097
0.0001513941
0.0001151397
0.0002286605
0.0002920247
0.0002735589
0.0004639707
0.0003112605
0.0003711149
0.0001531060
0.0002177385
0.0001914392
0.0001888387
0.0004677294
0.0000420092
0.0002295581
0.0000225279
0.0004668670
0.0001651691
0.0001998847
0.0001847744
0.0003775670
0.0000532442
0.0000364319
0.0002049752
0.0003346832
0.0004692130
0.0001779101
0.0002844076
0.0001816483
0.0001809413
0.0001494067
0.0003330424
0.0002960809
0.0003780671
0.0001521565
0.0000967291
0.0003691272
0.0004634170
0.0004678441
0.0000493226
0.0002082449
0.0001863727
0.0002381613
0.0002030637
0.0002283818
0.0004677195
0.0002255917
0.0002223382
0.0001599779
0.0004254763
0.0004071126
0.0000646342
0.0000058099
0.0004435445
0.0002696094
0.0003404931
0.0004398469
0.0004475195
0.0001519900
0.0001485845
0.0001555502
0.0003013967
0.0000087163
0.0004516311
0.0002065532
0.0001608728
0.0000754496
0.0001027698
0.0001513792
0.0000703830
0.0001520924
0.0003596241
0.0002567557
0.0003902537
0.0000897772
0.0000122270
0.0003850625
0.0003153688
0.0002345652
0.0000721298
0.0002679345
0.0001687672
0.0001367640
0.0002737444
0.0001394011
0.0004063734
0.0001413269
0.0001063373
0.0003809823
0.0002933169
0.0002549218
0.0000636219
0.0001218030
0.0002636381
0.0000423423
0.0003283562
0.0004245109
0.0001177919
0.0004311260
0.0001029795
0.0001881749
0.0001103078
0.0004626036
0.0004449307
0.0000276509
0.0000794701
0.0004571577
0.0004127134
0.0003948389
0.0002188123
0.0000119326
0.0001898629
0.0003875794
0.0001486965
0.0004636073
0.0000540699
0.0000821594
0.0001320236
0.0001604072
0.0004631417
0.0004253405
0.0004153290
0.0000538529
0.0000742328
0.0002060565
0.0000961952
0.0004025890
0.0001576568
0.0002139871
0.0003608044
0.0002606362
0.0004021621
0.0004711122
0.0002503292
0.0003741822
0.0000258524
0.0003297993
0.0003584292
0.0004385658
0.0002517276
0.0001043308
0.0004504984
0.0004415905
0.0000189997
0.0001262843
0.0004322872
0.0000730696
0.0002084437
0.0000914002
0.0002334767
0.0001986747
0.0000438300
0.0001758951
0.0002525276
0.0001180629
0.0003819517
0.0003487228
0.0000477413
0.0000666978
0.0000897993
0.0004085457
0.0003273340
0.0000190508
0.0004067472
0.0001047526
0.0003932329
0.0004325996
0.0004345519
0.0002787515
0.0003982548
0.0002133689
0.0003830823
0.0003758426
0.0001820488
0.0004020820
0.0000292163
0.0001414253
0.0000022409
0.0002376600
0.0002328255
0.0002357176
0.0004363347
0.0002766555
0.0004116128
0.0002159517
0.0003947184
0.0003206538
0.0000917639
0.0004424596
0.0003873516
0.0001815632
0.0003780947
0.0002417751
0.0002006140
0.0003119312
0.0003465277
0.0001209363
0.0002716203
0.0003081689
0.0003996877
0.0001969645
0.0000486271
0.0003098594
0.0000998964
0.0002306759
0.0002390308
0.0001291127
0.0003721012
0.0002412717
0.0003667727
0.0001320161
0.0000040787
0.0003301967
0.0004086716
0.0004156914
0.0000732378
0.0003304793
0.0002634346
0.0001650017
0.0003000283
0.0001778756
0.0003465649
0.0002052124
0.0004196507
0.0000742682
0.0000442330
0.0002932677
0.0001952045
0.0003158532
0.0001285259
0.0001219816
0.0000399070
0.0001771531
0.0004318410
0.0001398034
0.0004078290
0.0001979612
0.0002689161
0.0003070196
0.0004392328
0.0001627782
0.0004390356
0.0004433115
0.0000200643
0.0003747966
0.0003860923
0.0000933020
0.0002323653
0.0001766163
0.0002583037
0.0000594830
0.0003544919
0.0001319580
0.0002646953
0.0003012319
0.0002062262
0.0003089283
0.0001215890
0.0004014307
0.0001518709
0.0002501149
0.0000505017
0.0001917779
0.0004272680
0.0000094321
0.0003315814
0.0003621864
0.0002073933
0.0001275869
0.0001962954
0.0001737154
0.0002903650
0.0001624204
0.0001441163
0.0003104293
0.0000643064
0.0000572979
0.0004037313
0.0002966717
0.0002339142
0.0001891245
0.0003561547
0.0001154955
0.0003210825
0.0001479394
0.0004167274
0.0000543980
0.0004568677
0.0000654058
0.0004558288
0.0001358280
0.0003155207
0.0000334198
0.0003276059
0.0002698782
0.0000428519
0.0001862766
0.0001591539
0.0002502452
0.0003138635
0.0003554493
0.0004239606
0.0001313179
0.0000449591
0.0000951663
0.0004417473
0.0001092654
0.0001524642
0.0003725680
0.0004059371
0.0003863784
0.0000887818
0.0002891811
0.0000289633
0.0004098643
0.0004371205
0.0004456907
0.0004642623
0.0004210776
0.0000381858
0.0004471804
0.0000839949
0.0003537066
0.0000076896
0.0004116008
0.0001506741
0.0000505416
0.0001249668
0.0003098281
0.0003007867
0.0004388303
0.0001923668
0.0002518367
0.0000972376
0.0002373259
0.0003470030
0.0000660742
0.0003465913
0.0000265566
0.0004386422
0.0002796178
0.0004129350
0.0000545134
0.0000958883
0.0004418983
0.0004643777
0.0000600982
0.0004146783
0.0004557294
0.0000082652
0.0004528642
0.0004299992
0.0000922601
0.0003336601
0.0004376888
0.0000309502
0.0000114236
0.0000153198
0.0001559170
0.0003212517
0.0003161065
0.0001218367
0.0000407078
0.0000950326
0.0002190743
0.0002780337
0.0004420356
0.0002851485
0.0001517144
0.0004685922
0.0002508801
0.0004313322
0.0004086166
0.0003053935
0.0000543099
0.0003776042
0.0002968606
0.0001144081
0.0003193719
0.0002796794
0.0001226732
0.0002993254
0.0002367679
0.0002149333
0.0001600749
0.0002015461
0.0002458835
0.0001714985
0.0002168659
0.0004018005
0.0000198396
0.0000600618
0.0000507265
0.0000605474
0.0001550944
0.0002698008
0.0003385811
0.0001242194
0.0000820387
0.0000173849
0.0001199009
0.0003329188
0.0004487170
0.0000556069
0.0001654017
0.0000301163
0.0004332111
0.0004622623
0.0001445243
0.0002796724
0.0002690310
0.0002671976
0.0001060872
0.0000328883
0.0000092203
0.0002661621
0.0002344344
0.0002551038
0.0004376606
0.0004513003
0.0001839937
0.0004575002
0.0000384514
0.0002347202
0.0000451371
0.0001935458
0.0000316104
0.0003837182
0.0003177652
0.0001136491
0.0004011031
0.0004376661
0.0004465679
0.0003769095
0.0000203624
0.0001390590
0.0004070257
0.0004535735
0.0001284107
0.0000786395
0.0002603352
0.0003974417
0.0003458371
0.0003664224
0.0004303301
0.0003550573
0.0001596739
0.0001918539
0.0001372505
0.0001244239
0.0001702436
0.0003212441
0.0001090135
0.0002086950
0.0000830537
0.0001541505
0.0004022408
0.0001146641
0.0000649581
0.0002470954
0.0002283132
0.0004660611
0.0002118509
0.0002019705
0.0003700600
0.0002322133
0.0003410295
0.0003041751
0.0002128762
0.0004694402
0.0003828146
0.0000003008
0.0003939713
0.0002557410
0.0003667232
0.0003513908
0.0001378877
0.0000534864
0.0000703340
0.0002751382
0.0001779103
0.0002405776
0.0001234717
0.0002869238
0.0004492726
0.0002065254
0.0004410743
0.0003786028
0.0003211895
0.0000331217
0.0001527876
0.0000765921
0.0000262722
0.0003646385
0.0002785626
0.0003963322
0.0001239411
0.0001466814
0.0002275967
0.0003368173
0.0001432110
0.0001375006
0.0003371181
0.0000642717
0.0003932416
0.0002309307
0.0004156624
0.0000582187
0.0002844171
0.0000130858
0.0003333568
0.0004623274
0.0002536634
0.0004568286
0.0002763405
0.0002300254
0.0001904434
0.0002445042
0.0001357175
0.0000387223
0.0002776259
0.0002885051
0.0001153144
0.0003038981
0.0001802330
0.0003938770
0.0002273197
0.0003041741
0.0000676478
0.0004549164
0.0001680808
0.0002108588
0.0001195064
0.0000322882
0.0002751304
0.0000398374
0.0002632189
0.0002178823
0.0000980560
0.0000747254
0.0002309681
0.0004314129
0.0000641422
0.0000117209
0.0004153309
0.0003404827
0.0002417463
0.0001328636
0.0001120763
0.0003774638
0.0001715858
0.0003897022
0.0001930583
0.0002869002
0.0002206897
0.0003732913
0.0002078665
0.0004480094
0.0002045547
0.0002755143
0.0004300151
0.0003726355
0.0000134624
0.0000766109
0.0004049237
0.0002885928
0.0001164483
0.0001952320
0.0000335645
0.0002145043
0.0002699574
0.0002645325
0.0001730066
0.0003340996
0.0002762534
0.0001154268
0.0002016717
0.0000450890
0.0002482904
0.0003137480
0.0004225528
0.0004198762
0.0002305395
0.0001427005
0.0002338658
0.0004512292
0.0000430811
0.0004417323
0.0004263280
0.0002476358
0.0002443359
0.0003834325
0.0001473607
0.0002577983
0.0004600434
0.0000793738
0.0000734805
0.0001035810
0.0002746058
0.0001070450
0.0003180853
0.0000716526
0.0003715775
0.0000181813
0.0004057522
0.0001749203
0.0001336081
0.0001345133
0.0002200094
0.0003818985
0.0004482613
0.0001696516
0.0003288641
0.0002058902
0.0003123521
0.0000898193
0.0001842088
0.0003554332
0.0000586409
0.0001376262
0.0001301584
0.0003029769
0.0000481481
0.0002775191
0.0000878646
0.0000352809
0.0003568929
0.0001613451
0.0001388619
0.0001585882
0.0002683900
0.0004569473
0.0002302408
0.0001670569
0.0000022179
0.0001630824
0.0003419773
0.0001358260
0.0002975957
0.0000890760
0.0000448139
0.0002729464
0.0002587276
0.0003736780
0.0000059260
0.0000981690
0.0004634973
0.0001901348
0.0004536022
0.0000492276
0.0003277611
0.0001108500
0.0003522045
0.0003759091
0.0003883691
0.0004400690
0.0004111900
0.0002723514
0.0001285034
0.0000771413
0.0004309395
0.0003968935
0.0000611779
0.0001882697
0.0000910398
0.0000633958
0.0003513522
0.0004330170
0.0001992218
0.0001760372
0.0000491824
0.0002440357
0.0004489837
0.0003079100
0.0001448031
0.0004549097
0.0004060790
0.0001353897
0.0001721339
0.0003867706
0.0001846173
0.0000269843
0.0000247099
0.0000639111
0.0004028934
0.0004130790
0.0000310695
0.0003411728
0.0002125198
0.0001595729
0.0004183141
0.0001705487
0.0000835558
0.0000065813
0.0003588184
0.0001745956
0.0000699771
0.0002372600
0.0001347020
0.0002691990
0.0004132972
0.0001838844
0.0000403240
0.0003893702
0.0000188837
0.0001851271
0.0003713693
0.0004249627
0.0003205168
0.0000705926
0.0003388226
0.0000322235
0.0000975769
0.0003635325
0.0000961346
0.0000275597
0.0003037009
0.0001272041
0.0003687325
0.0000433100
0.0002867770
0.0003141359
0.0002138587
0.0003703328
0.0003207172
0.0000997665
0.0000720177
0.0003906944
0.0003370265
0.0002067197
0.0001869827
0.0002774130
0.0003906041
0.0002273067
0.0001938726
0.0004094879
0.0004124339
0.0000923313
0.0003615399
0.0002600401
0.0001629239
0.0002274520
0.0002922636
0.0002605008
0.0001180738
0.0003883982
0.0002880604
0.0004217747
0.0000426916
0.0001838823
0.0004650847
0.0003294687
0.0000251076
0.0002060328
0.0002268908
0.0003458248
0.0003057993
0.0002989085
0.0002636085
0.0001699152
0.0000327176
0.0004505912
0.0004473282
0.0004233218
0.0002049873
0.0001682903
0.0003598990
0.0001445106
0.0002606216
0.0002485283
0.0004045507
0.0004235455
0.0000030697
0.0002239036
0.0002111356
0.0001211435
0.0001393911
0.0000262854
0.0000700076
0.0001820828
0.0002101676
0.0000621817
0.0000386408
0.0002352752
0.0002682144
0.0002655316
0.0001081893
0.0001011031
0.0000915295
0.0003717979
0.0002710183
0.0001242472
0.0003494785
0.0002454359
0.0000746583
0.0000815552
0.0004137262
0.0004345573
0.0002260658
0.0002014371
0.0002101750
0.0001577058
0.0001520719
0.0002132447
0.0003816094
0.0003632075
0.0003343882
0.0000480899
0.0003894929
0.0004043957
0.0002301727
0.0001267499
0.0004665774
0.0002688135
0.0003620250
0.0002618812
0.0000614345
0.0004702144
0.0003629843
0.0001529640
0.0003691016
0.0001610921
0.0002772112
0.0002456695
0.0004065280
0.0003518695
0.0003272247
0.0003473435
0.0003135162
0.0000803798
0.0000758700
0.0000507806
0.0002380856
0.0002279420
0.0002640253
0.0001467844
0.0001182389
0.0001255029
0.0001948743
0.0000348211
0.0000569880
0.0004250470
0.0001615710
0.0000506548
0.0002209499
0.0000506854
0.0003125360
0.0002823844
0.0000479891
0.0002026097
0.0004353484
0.0004170908
0.0003637018
0.0002396490
0.0001898496
0.0002973192
0.0001186079
0.0000441637
0.0001717521
0.0004321241
0.0001245435
0.0002476221
0.0000099941
0.0003626291
0.0000026535
0.0002740194
0.0000365029
0.0001208923
0.0003995223
0.0002313772
0.0001557134
0.0004565103
0.0001835135
0.0003172844
0.0000342544
0.0004044634
0.0003679698
0.0003467904
0.0002139371
0.0004159589
0.0000764896
0.0001763749
0.0003601391
0.0004401914
0.0004160239
0.0000770781
0.0002645999
0.0000617211
0.0001212418
0.0004363520
0.0000209346
0.0002457853
0.0002110635
0.0000309286
0.0001355037
0.0002137169
0.0003049480
0.0001720066
0.0003346093
0.0002315597
0.0004033837
0.0000174121
0.0002151594
0.0001139866
0.0003346964
0.0002494138
0.0000455394
0.0002297556
0.0001232936
0.0002594765
0.0001728038
0.0001997832
0.0004358514
0.0000600323
0.0001670639
0.0003789646
0.0001371104
0.0004316638
0.0004406857
0.0002583521
0.0003951052
0.0004616203
0.0000312268
0.0001332580
0.0000196383
0.0001667305
0.0003469749
0.0003245864
0.0003387371
0.0002086736
0.0000832354
0.0002692102
0.0002260856
0.0002983948
0.0003831968
0.0000878714
0.0000748979
0.0004287362
0.0003176270
0.0001981915
0.0002153020
0.0000175202
0.0003979747
0.0001782428
0.0000775525
0.0000921280
0.0000842968
0.0002146629
0.0000508811
0.0000520719
0.0000001044
0.0004459863
0.0000407816
0.0000313311
0.0001063337
0.0000604200
0.0001980616
0.0004533086
0.0003850064
0.0000638880
0.0001890715
0.0004682418
0.0003330982
0.0004151571
0.0002937260
0.0002433844
0.0000301179
0.0003686239
0.0001992099
0.0003477449
0.0000939048
0.0004145119
0.0003652651
0.0000189689
0.0001198441
0.0004428176
0.0001110969
0.0002041409
0.0001845699
0.0001619780
0.0002562129
0.0001846742
0.0001350537
0.0002969945
0.0002160053
0.0002413874
0.0003574145
0.0004140669
0.0002217853
0.0002695103
0.0000050443
0.0004108569
0.0002648415
0.0003381425
0.0003531034
0.0000856568
0.0001086163
0.0003832213
0.0004542807
0.0003078262
0.0002580555
0.0000752749
0.0002494275
0.0001504101
0.0000942438
0.0003692716
0.0001203171
0.0002053407
0.0001005019
0.0003048869
0.0003673187
0.0003567148
0.0000166505
0.0000294617
0.0001807987
0.0002326558
0.0002708491
0.0000653026
0.0001738121
0.0000197238
0.0003348129
0.0001788564
0.0004305806
0.0001267437
0.0000440883
0.0003107734
0.0002124005
0.0001527045
0.0002210840
0.0001937706
0.0004605307
0.0000062290
0.0002690456
0.0002370476
0.0001566390
0.0003632894
0.0001334086
0.0002769561
0.0000957194
0.0002339105
0.0001089324
0.0004630381
0.0001177147
0.0001255829
0.0000195892
0.0002985135
0.0003582387
0.0002904383
0.0003638161
0.0000591402
0.0003101621
0.0002257184
0.0002379966
0.0002678321
0.0003524621
0.0002820849
0.0001056949
0.0000919520
0.0004347894
0.0003267789
0.0002857227
0.0004224095
0.0003330078
0.0000818576
0.0001865465
0.0000167362
0.0004451470
0.0003199551
0.0002936923
0.0000679557
0.0000809550
0.0004026247
0.0000580832
0.0001986697
0.0000552970
0.0000776724
0.0000242726
0.0004135357
0.0003681107
0.0003880887
0.0004726759
0.0002053622
0.0001408965
0.0002377619
0.0000002837
0.0000204480
0.0000469362
0.0001059786
0.0001124000
0.0000088150
0.0004327575
0.0003981227
0.0004312245
0.0002928547
0.0000070697
0.0001448603
0.0003095909
0.0004522167
0.0004648154
0.0001303727
0.0000472618
0.0000728598
0.0000600868
0.0001053450
0.0002715295
0.0001153838
0.0001830174
0.0002958020
0.0000560089
0.0000782175
0.0002109801
0.0000557742
0.0002835798
0.0003518765
0.0002935361
0.0002838635
0.0003723245
0.0003404723
0.0003898421
0.0000118139
0.0003492872
0.0003496890
0.0004099366
0.0003076011
0.0001696331
0.0004170063
0.0004524614
0.0000063134
0.0003963123
0.0004443662
0.0001366861
0.0004435741
0.0000443153
0.0001967729
0.0000760084
0.0003158448
0.0003121567
0.0002590259
0.0001387362
0.0003681655
0.0003372434
0.0003497163
0.0004239397
0.0001479126
0.0002286822
0.0002445652
0.0004317761
0.0001280961
0.0001121268
0.0003487076
0.0001399100
0.0004614140
0.0002254860
0.0000769360
0.0002961045
0.0003951191
0.0000210316
0.0002756553
0.0004014325
0.0004173439
0.0002471108
0.0000652080
0.0003880074
0.0002914261
0.0002619809
0.0004640158
0.0001343603
0.0001012269
0.0002501311
0.0002730965
0.0004693924
0.0001144638
0.0001499021
0.0004204215
0.0002623764
0.0003785843
0.0001920761
0.0002212418
0.0000337698
0.0003042029
0.0000970388
0.0001736798
0.0002927063
0.0003225248
0.0002506158
0.0001159002
0.0002447333
0.0002716474
0.0003915554
0.0001732552
0.0002160807
0.0001657556
0.0002384632
0.0001311775
0.0004571818
0.0000275335
0.0001222827
0.0001186315
0.0001287604
0.0003724137
0.0003917280
0.0001252422
0.0000139669
0.0000687195
0.0000727531
0.0002763433
0.0004473038
0.0002648292
0.0000246745
0.0000081630
0.0000961215
0.0001217134
0.0001818428
0.0003888278
0.0004442382
0.0004324586
0.0000318173
0.0002160608
0.0002311953
0.0004233728
0.0003893160
0.0004472760
0.0001162178
0.0001548686
0.0001055429
0.0001004890
0.0001824021
0.0002278255
0.0002191205
0.0003111624
0.0001273286
0.0001379378
0.0004364047
0.0001412955
0.0002066573
0.0000362472
0.0004176388
0.0001810505
0.0003010764
0.0004423134
0.0001892135
0.0003971979
0.0000911161
0.0003710563
0.0003131151
0.0000624437
0.0003306043
0.0003449324
0.0002785045
0.0000888890
0.0002953946
0.0001949099
0.0000632544
0.0004116124
0.0003497785
0.0001687973
0.0000391907
0.0000592699
0.0003966228
0.0002583112
0.0003704324
0.0000510407
0.0003962490
0.0003339264
0.0001923363
0.0001299957
0.0003701736
0.0001370645
0.0003110462
0.0001983394
0.0001064672
0.0000273491
0.0001226266
0.0001975833
0.0003984054
0.0004357417
0.0002600270
0.0002560991
0.0003077635
0.0000656209
0.0003449882
0.0001302475
0.0002605308
0.0004082426
0.0000689492
0.0001373987
0.0001041292
0.0001081399
0.0001966686
0.0000278414
0.0003664511
0.0000941904
0.0000788821
0.0002897895
0.0004281169
0.0002712184
0.0004197852
0.0003253798
0.0004082828
0.0002579207
0.0000508086
0.0000418394
0.0002852698
0.0001734352
0.0002394227
0.0002107646
0.0001362663
0.0000265391
0.0004668638
0.0004440298
0.0000921600
0.0003389413
0.0001013667
0.0003526908
0.0002742732
0.0001703159
0.0000171789
0.0003784024
0.0002784558
0.0002138475
0.0004062438
0.0001719963
0.0003080379
0.0000122153
0.0004617858
0.0002632441
0.0002834336
0.0004086603
0.0001157133
0.0002188058
0.0001936704
0.0001665218
0.0002606452
0.0000060296
0.0003399570
0.0000271573
0.0002167943
0.0000033127
0.0000536964
0.0002107474
0.0004473426
0.0001458565
0.0000767781
0.0000757986
0.0000256367
0.0003510514
0.0002461145
0.0000428155
0.0002565432
0.0000516597
0.0002566630
0.0001898764
0.0002236560
0.0000917903
0.0002020917
0.0002125312
0.0003550344
0.0000126146
0.0001482809
0.0004707476
0.0002314204
0.0003419514
0.0001643588
0.0000191550
0.0003479810
0.0000314052
0.0000463123
0.0000918646
0.0000347180
0.0001000088
0.0003026121
0.0000091499
0.0002458652
0.0003793902
0.0000849485
0.0002715019
0.0002575309
0.0003310630
0.0003143175
0.0000411635
0.0003827227
0.0000980699
0.0002310399
0.0001334681
0.0001898601
0.0004331315
0.0003459994
0.0000719839
0.0004457462
0.0000213697
0.0000698208
0.0002042560
0.0003633210
0.0002341796
0.0002234110
0.0002383914
0.0002655849
0.0002697233
0.0003302560
0.0003003028
0.0003697321
0.0001599574
0.0003094528
0.0001426867
0.0000664370
0.0003944013
0.0004141886
0.0003239679
0.0002525537
0.0002555955
0.0003651315
0.0001623658
0.0003536653
0.0001232607
0.0002958339
0.0000706148
0.0000834816
0.0001689227
0.0001425987
0.0000563172
0.0001902923
0.0002124195
0.0002605732
0.0000807027
0.0004465992
0.0000110736
0.0003190941
0.0002392734
0.0002807969
0.0001764395
0.0000666656
0.0001776183
0.0003363969
0.0003761184
0.0003203051
0.0004028339
0.0002976090
0.0002615831
0.0002538913
0.0000772521
0.0000442679
0.0001461121
0.0002396179
0.0003979332
0.0002693728
0.0000625412
0.0004685480
0.0003528545
0.0002314638
0.0001382361
0.0004091717
0.0004217562
0.0003506556
0.0001968342
0.0000295483
0.0003243441
0.0002079078
0.0003486424
0.0000907069
0.0000157940
0.0000521712
0.0001573726
0.0001934124
0.0003885681
0.0000605803
0.0000408068
0.0003184915
0.0003581894
0.0003023898
0.0000994721
0.0004354415
0.0003466577
0.0002455841
0.0002021487
0.0002716803
0.0000420464
0.0002646899
0.0002673177
0.0003949008
0.0000232431
0.0004055538
0.0003311619
0.0004449993
0.0002832987
0.0000550854
0.0000016369
0.0001347322
0.0002629932
0.0003502793
0.0002254391
0.0002787872
0.0004024505
0.0003828117
0.0004721996
0.0003181080
0.0004433921
0.0000400957
0.0001636888
0.0003286708
0.0003424856
0.0002631609
0.0002912017
0.0002162327
0.0000358344
0.0000204398
0.0000150024
0.0000778807
0.0002851298
0.0002823201
0.0004727816
0.0003083729
0.0002149632
0.0003310328
0.0002804616
0.0000253513
0.0003861182
0.0002820985
0.0001600835
0.0001762008
0.0001594671
0.0003855227
0.0004549880
0.0000890070
0.0002954238
0.0004542769
0.0004071150
0.0002659053
0.0000214620
0.0000978932
0.0001216655
0.0003639476
0.0003610540
0.0004128672
0.0001072697
0.0003968884
0.0004333070
0.0001222721
0.0000018585
0.0002455262
0.0004045922
0.0000017295
0.0000809884
0.0001466448
0.0003327622
0.0003614500
0.0001719961
0.0002459698
0.0001706378
0.0003320797
0.0004221706
0.0003301050
0.0002446918
0.0004042479
0.0004191120
0.0000672049
0.0003856142
0.0003533164
0.0003331102
0.0004070762
0.0004512095
0.0004547757
0.0002981132
0.0003393530
0.0003947322
0.0004053830
0.0002633308
0.0003551286
0.0000547445
0.0002651893
0.0001277442
0.0004593367
0.0002669188
0.0002087326
0.0001330709
0.0001267704
0.0000972719
0.0003050671
0.0003727402
0.0002679097
0.0001642362
0.0003220002
0.0001251041
0.0004089279
0.0002533374
0.0000713054
0.0000032222
0.0001660410
0.0004246218
0.0003363324
0.0001002066
0.0004029207
0.0003181974
0.0003983199
0.0002693631
0.0002400191
0.0003307923
0.0000597832
0.0001222371
0.0003855368
0.0003249725
0.0002499812
0.0003719629
0.0001189806
0.0004587138
0.0000321232
0.0002457510
0.0000830751
0.0003371903
0.0001455806
0.0003509848
0.0000285159
0.0004675808
0.0000031783
0.0004374438
0.0002480076
0.0000744837
0.0004406660
0.0004140486
0.0000261949
0.0003040877
0.0000413446
0.0004291156
0.0001493745
0.0004396646
0.0002255681
0.0003893936
0.0002975462
0.0002853512
0.0000387200
0.0002101723
0.0001374131
0.0002887012
0.0001092246
0.0002563937
0.0002745044
0.0001413478
0.0000292342
0.0003575794
0.0000056275
0.0001748147
0.0002356536
0.0000341434
0.0001694849
0.0002388319
0.0004715871
0.0004174925
0.0003133156
0.0004393425
0.0003586304
0.0003395104
0.0002705196
0.0003999750
0.0002957155
0.0004198941
0.0003667290
0.0000483729
0.0003363770
0.0001913645
0.0003337242
0.0003750970
0.0004015368
0.0004711373
0.0001908876
0.0000378508
0.0002546204
0.0004653920
0.0001791987
0.0002838546
0.0003500608
0.0001848262
0.0004586693
0.0001128038
0.0002189696
0.0001552436
0.0003516357
0.0002176461
0.0000998254
0.0001920406
0.0001840780
0.0004584558
0.0000586405
0.0004545976
0.0003855203
0.0003543559
0.0004015811
0.0002793386
0.0004027288
0.0002650475
0.0004707031
0.0002635424
0.0001672339
0.0003993293
0.0002617690
0.0003581216
0.0004371802
0.0000434788
0.0003506029
0.0001434682
0.0003273334
0.0002277532
0.0003282944
0.0003130921
0.0003405570
0.0000743534
0.0004683357
0.0002192820
0.0002919995
0.0000952504
0.0004113227
0.0000031669
0.0000807956
0.0004699631
0.0004577645
0.0004663159
0.0003514084
0.0003864349
0.0002727438
0.0002812266
0.0001785718
0.0002705363
0.0000718583
0.0003458057
0.0001969549
0.0003336274
0.0002310167
0.0001612245
0.0003771062
0.0001087090
0.0003046927
0.0002315290
0.0003364622
0.0001600765
0.0000717104
0.0002041085
0.0002344299
0.0000671355
0.0004233906
0.0000535188
0.0001623859
0.0003618026
0.0000566857
0.0002431815
0.0003588551
0.0000415396
0.0002365868
0.0002373529
0.0004279745
0.0000364199
0.0000456689
0.0001336357
0.0003069562
0.0001175272
0.0000065308
0.0000310005
0.0004511546
0.0002375474
0.0001922250
0.0003553502
0.0003462564
0.0000240071
0.0001139685
0.0002098080
0.0001840835
0.0001856789
0.0004139165
0.0004185134
0.0002528144
0.0003643964
0.0004720322
0.0004152003
0.0002532884
0.0000558073
0.0001854713
0.0001392329
0.0000973469
0.0004220580
0.0003765858
0.0000524108
0.0004584780
0.0004222547
0.0001860464
0.0002925235
0.0000668713
0.0001925772
0.0003235240
0.0000451153
0.0004301246
0.0000428384
